   1.0171420500000000e-06
   1.0061020500000000e-06
   1.0108520500000001e-06
   1.0043920500000000e-06
   9.8869677500000001e-07
   9.7409677499999997e-07
   9.9668677499999991e-07
   9.9942601499999994e-07
   1.0288060149999999e-06
   1.0279060150000000e-06
   9.0356601499999998e-07
   9.0393601500000003e-07
   9.1480601500000002e-07
   1.0311860150000000e-06
   1.0157860150000001e-06
   1.0146360149999999e-06
   1.0110226930000002e-06
   1.0115026930000001e-06
   9.3781269300000003e-07
   9.2082269300000009e-07
   1.0265626930000001e-06
   7.8166768999999997e-07
   1.0556466899999999e-06
   9.2885068999999997e-07
   1.0027606899999999e-06
   1.0610906900000000e-06
   1.0511276899999998e-06
   9.8792269000000004e-07
   1.0208876899999999e-06
   9.8716568999999989e-07
   9.8824868999999993e-07
   1.0046906900000000e-06
   1.1000196899999999e-06
   9.3900368999999997e-07
   9.4130568999999999e-07
   1.0214236900000000e-06
   1.0050256899999999e-06
   1.0068176900000000e-06
   1.0201086900000000e-06
   1.0230727900000000e-06
   9.8727878999999999e-07
   1.0221127899999999e-06
   1.0271937900000000e-06
   1.0271617900000000e-06
   1.0199477900000001e-06
   1.0306797899999999e-06
   1.0335167900000001e-06
   1.0237157899999999e-06
   1.0649267899999999e-06
   1.1197917899999999e-06
   9.9983079000000003e-07
   1.0496137899999999e-06
   1.0525857900000000e-06
   1.0141957899999999e-06
   1.0275407900000001e-06
   1.0541785499999999e-06
   1.0494175500000000e-06
   1.0531195499999999e-06
   1.0359575499999999e-06
   1.0412675499999999e-06
   1.1036395500000000e-06
   1.0510985500000000e-06
   1.0319105500000000e-06
   1.0381135499999999e-06
   1.0351550600000001e-06
   1.0375250600000001e-06
   1.0328750600000000e-06
   1.0345650600000001e-06
   1.0239950599999999e-06
   1.0310550600000000e-06
   1.0316450600000000e-06
   1.0142053999999999e-06
   1.0059953999999998e-06
   1.0236953999999999e-06
   1.0627514050000000e-06
   1.0373834050000001e-06
   1.0527744050000001e-06
   1.0491324050000000e-06
   1.0480534050000000e-06
   1.0376614050000001e-06
   1.0529204050000001e-06
   1.0590774050000000e-06
   1.0682924050000001e-06
   1.0524524050000001e-06
   1.0539094050000001e-06
   1.0694294050000001e-06
   1.0591424050000001e-06
   1.0490104050000000e-06
   1.0611834049999999e-06
   1.0591374050000000e-06
   1.0371462125000001e-06
   1.0297262125000000e-06
   1.0399162125000001e-06
   1.0112462125000000e-06
   1.0332562125000001e-06
   1.0359162125000000e-06
   1.0198162125000001e-06
   1.0352462125000001e-06
   1.0396362125000000e-06
   1.0302062125000001e-06
   1.0244675890000002e-06
   1.0321475890000002e-06
   1.0410275890000001e-06
   1.0126875890000000e-06
   1.0346675890000001e-06
   1.0325175890000000e-06
   1.0156775890000000e-06
   1.0300875890000001e-06
   1.0338275890000002e-06
   1.0253775890000001e-06
   1.0183538749999999e-06
   1.0089738750000000e-06
   1.0112338749999999e-06
   1.0335438750000000e-06
   9.2288387499999994e-07
   1.0137238750000000e-06
   1.0062038750000000e-06
   1.0186638750000000e-06
   1.0281141000000001e-06
   1.0090840999999999e-06
   1.0113540999999999e-06
   1.0274040999999999e-06
   9.2281409999999999e-07
   1.0073441000000000e-06
   1.0144041000000000e-06
   1.0193141000000000e-06
   1.0286131275000000e-06
   1.0339031274999999e-06
   1.0351831275000001e-06
   1.0392631275000001e-06
   1.0351031275000000e-06
   1.0333931275000000e-06
   1.0304831275000000e-06
   1.0270470699999999e-06
   1.0251270699999999e-06
   1.0193170700000000e-06
   1.0333570700000000e-06
   1.0399270699999999e-06
   1.0521470699999999e-06
   1.0320470699999999e-06
   1.0320670700000000e-06
   1.0368970699999999e-06
   1.0249870700000000e-06
   1.0301170700000000e-06
   1.0341370700000000e-06
   1.0175760700000000e-06
   9.9302606999999998e-07
   1.0020660700000001e-06
   1.0128060700000001e-06
   1.0093260699999999e-06
   9.8525607000000001e-07
   1.0109460700000000e-06
   1.0043860699999999e-06
   1.0092160700000001e-06
   1.0084960700000001e-06
   1.0183960700000000e-06
   1.0114060700000000e-06
   1.0235060700000000e-06
   1.0320160700000001e-06
   1.0262660700000000e-06
   1.0312292000000000e-06
   1.0226892000000000e-06
   1.0338792000000001e-06
   1.0411192000000001e-06
   1.0330792000000000e-06
   1.0065692000000001e-06
   1.0262892000000000e-06
   1.0167492000000001e-06
   1.0064392000000001e-06
   1.0036292000000001e-06
   1.0115491999999999e-06
   9.9949919999999998e-07
   1.0088892000000000e-06
   1.0170792000000001e-06
   1.0122292000000001e-06
   1.0309751199999999e-06
   1.0185251199999999e-06
   1.0184251199999999e-06
   1.0367805000000000e-06
   1.0281905000000000e-06
   1.0265605000000001e-06
   1.0123805000000000e-06
   1.0155605000000001e-06
   1.0296405000000000e-06
   1.0164905000000000e-06
   1.0303305000000000e-06
   1.0277205000000000e-06
   1.0291805000000000e-06
   1.0234805000000000e-06
   1.0303805000000001e-06
   1.0281105000000001e-06
   1.0607805000000001e-06
   1.0338205000000000e-06
   1.0345905000000001e-06
   1.0477804999999999e-06
   1.0280236000000000e-06
   1.0280936000000000e-06
   1.0224536000000000e-06
   1.0192736000000001e-06
   1.0142336000000001e-06
   1.0193636000000000e-06
   1.0131436000000001e-06
   1.0515335999999999e-06
   1.0199636000000001e-06
   1.0136936000000000e-06
   1.0273136000000001e-06
   1.0321536000000001e-06
   1.0301588749999999e-06
   1.0144688749999998e-06
   1.0286988749999998e-06
   1.0264988749999999e-06
   1.0247688750000000e-06
   1.0229488749999999e-06
   1.0246488749999998e-06
   1.0231888750000000e-06
   1.0559688750000000e-06
   1.0299088750000000e-06
   1.0290188750000000e-06
   1.0452688749999998e-06
   1.0518688749999999e-06