Time[sec]	 X[micron]	 Y[micron]
   0.000	   97.7319	   78.0269
   0.002	   97.6960	   78.0171
   0.004	   97.6709	   78.0558
   0.006	   97.6416	   78.0765
   0.008	   97.6303	   78.0950
   0.010	   97.6875	   78.0808
   0.012	   97.7351	   78.0833
   0.014	   97.7560	   78.0644
   0.016	   97.7232	   78.0700
   0.018	   97.7230	   78.0103
   0.020	   97.7453	   77.9590
   0.022	   97.7455	   77.9289
   0.024	   97.6837	   77.9497
   0.026	   97.6870	   77.9831
   0.028	   97.6912	   77.9918
   0.030	   97.7194	   77.9749
   0.032	   97.7309	   78.0029
   0.034	   97.7138	   78.0278
   0.036	   97.7073	   77.9958
   0.038	   97.7272	   77.9110
   0.040	   97.7476	   77.8582
   0.042	   97.7292	   77.8407
   0.044	   97.6876	   77.8650
   0.046	   97.6743	   77.8621
   0.048	   97.7178	   77.8176
   0.050	   97.7360	   77.8187
   0.052	   97.7146	   77.8547
   0.054	   97.7284	   77.9145
   0.056	   97.6922	   77.9142
   0.058	   97.7201	   77.8584
   0.060	   97.7282	   77.8093
   0.062	   97.7111	   77.7777
   0.064	   97.7054	   77.7756
   0.066	   97.7182	   77.7318
   0.068	   97.7536	   77.7265
   0.070	   97.7874	   77.7142
   0.072	   97.7622	   77.7595
   0.074	   97.7673	   77.7895
   0.076	   97.7334	   77.8124
   0.078	   97.7099	   77.7873
   0.080	   97.7106	   77.7429
   0.082	   97.6934	   77.7199
   0.084	   97.6836	   77.6990
   0.086	   97.6706	   77.6731
   0.088	   97.7089	   77.6338
   0.090	   97.7358	   77.6204
   0.092	   97.7415	   77.6512
   0.094	   97.6948	   77.6863
   0.096	   97.7445	   77.6803
   0.098	   97.7259	   77.6637
   0.100	   97.6971	   77.6812
   0.102	   97.6700	   77.6579
   0.104	   97.6567	   77.6328
   0.106	   97.6878	   77.5819
   0.108	   97.7025	   77.5307
   0.110	   97.7076	   77.5154
   0.112	   97.7253	   77.5510
   0.114	   97.7081	   77.5761
   0.116	   97.7477	   77.5779
   0.118	   97.7572	   77.5679
   0.120	   97.7059	   77.6162
   0.122	   97.6597	   77.6025
   0.124	   97.6561	   77.5483
   0.126	   97.6885	   77.4936
   0.128	   97.6817	   77.4455
   0.130	   97.6983	   77.4310
   0.132	   97.6907	   77.4565
   0.134	   97.7132	   77.4748
   0.136	   97.7358	   77.4929
   0.138	   97.7351	   77.4825
   0.140	   97.6791	   77.5338
   0.142	   97.6361	   77.5062
   0.144	   97.6504	   77.4498
   0.146	   97.6650	   77.3991
   0.148	   97.6432	   77.3736
   0.150	   97.6184	   77.3615
   0.152	   97.6343	   77.3570
   0.154	   97.6628	   77.3579
   0.156	   97.6796	   77.3751
   0.158	   97.6849	   77.3814
   0.160	   97.6482	   77.4259
   0.162	   97.6131	   77.4422
   0.164	   97.6220	   77.3963
   0.166	   97.6320	   77.3360
   0.168	   97.6091	   77.2854
   0.170	   97.6042	   77.2650
   0.172	   97.6245	   77.2542
   0.174	   97.6855	   77.2403
   0.176	   97.6940	   77.2790
   0.178	   97.7128	   77.2982
   0.180	   97.6535	   77.3372
   0.182	   97.6165	   77.3422
   0.184	   97.6096	   77.3056
   0.186	   97.6118	   77.2598
   0.188	   97.5962	   77.2391
   0.190	   97.5774	   77.2172
   0.192	   97.5871	   77.1808
   0.194	   97.6293	   77.1593
   0.196	   97.6519	   77.1656
   0.198	   97.6433	   77.2020
   0.200	   97.6518	   77.2405
   0.202	   97.6300	   77.2671
   0.204	   97.6276	   77.2443
   0.206	   97.6067	   77.2099
   0.208	   97.5968	   77.1794
   0.210	   97.5732	   77.1727
   0.212	   97.5628	   77.1145
   0.214	   97.5759	   77.0773
   0.216	   97.5524	   77.0870
   0.218	   97.5523	   77.1071
   0.220	   97.5448	   77.1314
   0.222	   97.5538	   77.1394
   0.224	   97.5823	   77.1280
   0.226	   97.6111	   77.1311
   0.228	   97.5951	   77.1441
   0.230	   97.5573	   77.1156
   0.232	   97.5469	   77.0498
   0.234	   97.5328	   76.9944
   0.236	   97.5395	   76.9833
   0.238	   97.4969	   77.0462
   0.240	   97.4756	   77.0268
   0.242	   97.5037	   77.0203
   0.244	   97.5373	   77.0104
   0.246	   97.5635	   77.0185
   0.248	   97.5875	   77.0170
   0.250	   97.5495	   77.0252
   0.252	   97.5244	   76.9902
   0.254	   97.5005	   76.9266
   0.256	   97.4418	   76.9477
   0.258	   97.4163	   76.9676
   0.260	   97.3937	   76.9608
   0.262	   97.4355	   76.9309
   0.264	   97.4753	   76.8949
   0.266	   97.5030	   76.9135
   0.268	   97.5060	   76.9309
   0.270	   97.5122	   76.9303
   0.272	   97.4743	   76.9294
   0.274	   97.4461	   76.9210
   0.276	   97.3794	   76.9450
   0.278	   97.3514	   76.9520
   0.280	   97.3577	   76.9098
   0.282	   97.3722	   76.8546
   0.284	   97.3692	   76.8165
   0.286	   97.3987	   76.8214
   0.288	   97.4121	   76.8328
   0.290	   97.4130	   76.8256
   0.292	   97.4493	   76.8431
   0.294	   97.4207	   76.8718
   0.296	   97.3631	   76.9069
   0.298	   97.3332	   76.8805
   0.300	   97.3282	   76.8282
   0.302	   97.3220	   76.7811
   0.304	   97.3047	   76.7662
   0.306	   97.2849	   76.7637
   0.308	   97.2584	   76.7580
   0.310	   97.2856	   76.7332
   0.312	   97.3272	   76.7329
   0.314	   97.3158	   76.7808
   0.316	   97.3114	   76.8077
   0.318	   97.3283	   76.8136
   0.320	   97.3358	   76.7826
   0.322	   97.3246	   76.7489
   0.324	   97.2704	   76.7194
   0.326	   97.2180	   76.7108
   0.328	   97.1828	   76.6962
   0.330	   97.1901	   76.6672
   0.332	   97.2083	   76.6787
   0.334	   97.2014	   76.6839
   0.336	   97.1976	   76.7106
   0.338	   97.2359	   76.7112
   0.340	   97.2800	   76.6752
   0.342	   97.2734	   76.6594
   0.344	   97.2412	   76.6614
   0.346	   97.1804	   76.6599
   0.348	   97.1457	   76.6458
   0.350	   97.1373	   76.6102
   0.352	   97.1219	   76.6240
   0.354	   97.1032	   76.6496
   0.356	   97.1031	   76.6532
   0.358	   97.1398	   76.6300
   0.360	   97.1869	   76.6031
   0.362	   97.1833	   76.5968
   0.364	   97.1664	   76.6442
   0.366	   97.1362	   76.6847
   0.368	   97.1651	   76.6707
   0.370	   97.2091	   76.6403
   0.372	   97.2047	   76.6695
   0.374	   97.1670	   76.6997
   0.376	   97.1451	   76.7317
   0.378	   97.1577	   76.7153
   0.380	   97.2025	   76.6701
   0.382	   97.2207	   76.6626
   0.384	   97.1919	   76.6933
   0.386	   97.1674	   76.7145
   0.388	   97.1702	   76.6706
   0.390	   97.2198	   76.6640
   0.392	   97.2164	   76.6729
   0.394	   97.2146	   76.7070
   0.396	   97.1992	   76.7122
   0.398	   97.2213	   76.6931
   0.400	   97.2295	   76.6630
   0.402	   97.2176	   76.6640
   0.404	   97.2087	   76.7074
   0.406	   97.2131	   76.7161
   0.408	   97.2196	   76.7006
   0.410	   97.2255	   76.6809
   0.412	   97.2200	   76.6938
   0.414	   97.2103	   76.7056
   0.416	   97.1901	   76.7012
   0.418	   97.2199	   76.6808
   0.420	   97.2446	   76.6810
   0.422	   97.2081	   76.6960
   0.424	   97.1838	   76.7123
   0.426	   97.2071	   76.7162
   0.428	   97.2343	   76.6928
   0.430	   97.2458	   76.7067
   0.432	   97.2030	   76.7100
   0.434	   97.1837	   76.7256
   0.436	   97.1965	   76.7320
   0.438	   97.2271	   76.7005
   0.440	   97.2499	   76.6912
   0.442	   97.2254	   76.7163
   0.444	   97.1688	   76.7294
   0.446	   97.1685	   76.7213
   0.448	   97.1836	   76.7205
   0.450	   97.1970	   76.7221
   0.452	   97.2013	   76.7243
   0.454	   97.2362	   76.7051
   0.456	   97.2586	   76.7017
   0.458	   97.2472	   76.7083
   0.460	   97.1934	   76.7113
   0.462	   97.1464	   76.7561
   0.464	   97.1211	   76.7586
   0.466	   97.1808	   76.7164
   0.468	   97.2339	   76.6810
   0.470	   97.2726	   76.7084
   0.472	   97.2677	   76.7209
   0.474	   97.2607	   76.7235
   0.476	   97.2584	   76.7048
   0.478	   97.2395	   76.7064
   0.480	   97.2000	   76.7430
   0.482	   97.1875	   76.7524
   0.484	   97.2045	   76.7509
   0.486	   97.2515	   76.7283
   0.488	   97.2864	   76.7071
   0.490	   97.2635	   76.7230
   0.492	   97.2521	   76.7365
   0.494	   97.2424	   76.7350
   0.496	   97.2351	   76.7360
   0.498	   97.2186	   76.7687
   0.500	   97.1979	   76.7804
   0.502	   97.1972	   76.7705
   0.504	   97.2495	   76.7588
   0.506	   97.2824	   76.7028
   0.508	   97.2824	   76.7097
   0.510	   97.2582	   76.7349
   0.512	   97.2302	   76.7803
   0.514	   97.2087	   76.7684
   0.516	   97.2011	   76.7924
   0.518	   97.2109	   76.7870
   0.520	   97.2214	   76.7896
   0.522	   97.2489	   76.7863
   0.524	   97.2882	   76.7441
   0.526	   97.3027	   76.7265
   0.528	   97.2874	   76.7397
   0.530	   97.2572	   76.7664
   0.532	   97.2096	   76.7873
   0.534	   97.1822	   76.7933
   0.536	   97.2076	   76.8076
   0.538	   97.1981	   76.8151
   0.540	   97.2269	   76.8107
   0.542	   97.2742	   76.7787
   0.544	   97.3231	   76.7456
   0.546	   97.3386	   76.7208
   0.548	   97.3025	   76.7561
   0.550	   97.2492	   76.8018
   0.552	   97.2256	   76.8269
   0.554	   97.2142	   76.8164
   0.556	   97.2131	   76.8211
   0.558	   97.2222	   76.8278
   0.560	   97.2459	   76.8352
   0.562	   97.2854	   76.8105
   0.564	   97.3119	   76.7798
   0.566	   97.3127	   76.7499
   0.568	   97.2830	   76.7661
   0.570	   97.2562	   76.7971
   0.572	   97.2691	   76.8022
   0.574	   97.2510	   76.7797
   0.576	   97.2337	   76.7776
   0.578	   97.2234	   76.7909
   0.580	   97.2179	   76.8092
   0.582	   97.2157	   76.7827
   0.584	   97.2423	   76.8016
   0.586	   97.2167	   76.8094
   0.588	   97.1917	   76.8328
   0.590	   97.1724	   76.8533
   0.592	   97.1904	   76.8637
   0.594	   97.1979	   76.8568
   0.596	   97.2001	   76.8508
   0.598	   97.2080	   76.8452
   0.600	   97.2248	   76.8332
   0.602	   97.2728	   76.8024
   0.604	   97.3149	   76.7672
   0.606	   97.3186	   76.7743
   0.608	   97.3156	   76.7777
   0.610	   97.3140	   76.7875
   0.612	   97.3051	   76.7791
   0.614	   97.2829	   76.7587
   0.616	   97.2598	   76.7819
   0.618	   97.2236	   76.8283
   0.620	   97.1950	   76.8445
   0.622	   97.2053	   76.8390
   0.624	   97.2119	   76.8495
   0.626	   97.2066	   76.8710
   0.628	   97.1924	   76.8839
   0.630	   97.1825	   76.8772
   0.632	   97.2080	   76.8436
   0.634	   97.2106	   76.8313
   0.636	   97.2067	   76.8369
   0.638	   97.1872	   76.8464
   0.640	   97.2195	   76.8237
   0.642	   97.2184	   76.7668
   0.644	   97.2301	   76.7740
   0.646	   97.2176	   76.7887
   0.648	   97.2006	   76.7850
   0.650	   97.2259	   76.7747
   0.652	   97.2230	   76.7521
   0.654	   97.2245	   76.7614
   0.656	   97.2042	   76.7795
   0.658	   97.2073	   76.7915
   0.660	   97.2164	   76.7811
   0.662	   97.2207	   76.7634
   0.664	   97.2272	   76.7545
   0.666	   97.2200	   76.7784
   0.668	   97.2202	   76.7747
   0.670	   97.2399	   76.7605
   0.672	   97.2404	   76.7583
   0.674	   97.2322	   76.7619
   0.676	   97.2201	   76.7676
   0.678	   97.2326	   76.7976
   0.680	   97.2374	   76.7958
   0.682	   97.2549	   76.7739
   0.684	   97.2325	   76.7970
   0.686	   97.2172	   76.8269
   0.688	   97.2212	   76.8345
   0.690	   97.2437	   76.8646
   0.692	   97.2232	   76.8647
   0.694	   97.2041	   76.8915
   0.696	   97.1700	   76.9092
   0.698	   97.1663	   76.9294
   0.700	   97.1715	   76.9199
   0.702	   97.1627	   76.9194
   0.704	   97.1377	   76.9509
   0.706	   97.1236	   76.9737
   0.708	   97.1391	   76.9581
   0.710	   97.1538	   76.9369
   0.712	   97.1408	   76.8913
   0.714	   97.1324	   76.9081
   0.716	   97.1424	   76.9018
   0.718	   97.1677	   76.8788
   0.720	   97.1862	   76.8282
   0.722	   97.1851	   76.8374
   0.724	   97.1601	   76.8568
   0.726	   97.1337	   76.8630
   0.728	   97.1381	   76.8497
   0.730	   97.1318	   76.8346
   0.732	   97.1195	   76.8489
   0.734	   97.0860	   76.8736
   0.736	   97.0672	   76.8689
   0.738	   97.0883	   76.8416
   0.740	   97.1131	   76.8301
   0.742	   97.1247	   76.8587
   0.744	   97.1311	   76.8874
   0.746	   97.1206	   76.8820
   0.748	   97.1352	   76.8459
   0.750	   97.1480	   76.8607
   0.752	   97.1191	   76.9061
   0.754	   97.0435	   76.9737
   0.756	   96.9972	   76.9858
   0.758	   96.9909	   76.9952
   0.760	   96.9767	   76.9845
   0.762	   96.9355	   76.9819
   0.764	   96.9302	   76.9980
   0.766	   96.9800	   76.9682
   0.768	   97.0070	   76.9537
   0.770	   97.0260	   76.9735
   0.772	   96.9804	   77.0259
   0.774	   96.9420	   77.0246
   0.776	   96.9397	   77.0308
   0.778	   96.9333	   77.0164
   0.780	   96.9367	   77.0260
   0.782	   96.9057	   77.0177
   0.784	   96.9131	   76.9999
   0.786	   96.9572	   76.9549
   0.788	   97.0033	   76.9140
   0.790	   97.0237	   76.8921
   0.792	   97.0024	   76.8956
   0.794	   96.9825	   76.9393
   0.796	   96.9722	   76.9512
   0.798	   96.9214	   76.9453
   0.800	   96.8794	   76.9822
   0.802	   96.8322	   77.0368
   0.804	   96.8120	   77.0733
   0.806	   96.8136	   77.0543
   0.808	   96.8363	   77.0281
   0.810	   96.8470	   77.0294
   0.812	   96.8536	   77.0315
   0.814	   96.8689	   77.0403
   0.816	   96.8463	   77.0735
   0.818	   96.8372	   77.0816
   0.820	   96.8130	   77.1475
   0.822	   96.7727	   77.2038
   0.824	   96.7748	   77.1893
   0.826	   96.7666	   77.1906
   0.828	   96.7796	   77.1410
   0.830	   96.7983	   77.1220
   0.832	   96.7983	   77.1235
   0.834	   96.8338	   77.0796
   0.836	   96.8744	   77.0481
   0.838	   96.8698	   77.0329
   0.840	   96.8288	   77.0641
   0.842	   96.8125	   77.0754
   0.844	   96.7628	   77.0760
   0.846	   96.7566	   77.0530
   0.848	   96.7329	   77.0406
   0.850	   96.6939	   77.0464
   0.852	   96.6787	   77.0213
   0.854	   96.6950	   76.9930
   0.856	   96.7349	   76.9693
   0.858	   96.7748	   76.9860
   0.860	   96.7314	   77.0366
   0.862	   96.6900	   77.0918
   0.864	   96.7047	   77.1284
   0.866	   96.7119	   77.1439
   0.868	   96.7037	   77.1727
   0.870	   96.6566	   77.1954
   0.872	   96.6476	   77.1539
   0.874	   96.6616	   77.0914
   0.876	   96.6687	   77.0439
   0.878	   96.6755	   77.0038
   0.880	   96.6511	   76.9923
   0.882	   96.6643	   77.0100
   0.884	   96.6461	   77.0249
   0.886	   96.6305	   77.0545
   0.888	   96.6100	   77.0974
   0.890	   96.5995	   77.1442
   0.892	   96.5661	   77.1978
   0.894	   96.6218	   77.2146
   0.896	   96.5819	   77.2348
   0.898	   96.5848	   77.1971
   0.900	   96.5965	   77.1750
   0.902	   96.5871	   77.1151
   0.904	   96.5990	   77.0532
   0.906	   96.5945	   77.0279
   0.908	   96.5717	   77.0479
   0.910	   96.5263	   77.0864
   0.912	   96.4848	   77.0907
   0.914	   96.4810	   77.0796
   0.916	   96.4860	   77.0859
   0.918	   96.4446	   77.1173
   0.920	   96.4236	   77.1132
   0.922	   96.4249	   77.1174
   0.924	   96.4522	   77.0775
   0.926	   96.4759	   77.0748
   0.928	   96.4979	   77.1010
   0.930	   96.5075	   77.1697
   0.932	   96.4911	   77.1924
   0.934	   96.4636	   77.1666
   0.936	   96.4441	   77.1509
   0.938	   96.3957	   77.1386
   0.940	   96.3566	   77.1241
   0.942	   96.3417	   77.1100
   0.944	   96.3482	   77.0708
   0.946	   96.3460	   77.0684
   0.948	   96.3779	   77.0637
   0.950	   96.3876	   77.0889
   0.952	   96.4051	   77.1192
   0.954	   96.4272	   77.1418
   0.956	   96.3917	   77.1690
   0.958	   96.3589	   77.1842
   0.960	   96.3309	   77.1674
   0.962	   96.3029	   77.1329
   0.964	   96.2841	   77.1102
   0.966	   96.2635	   77.0939
   0.968	   96.2569	   77.0889
   0.970	   96.2913	   77.0725
   0.972	   96.3159	   77.0717
   0.974	   96.3344	   77.0901
   0.976	   96.3404	   77.1550
   0.978	   96.2926	   77.1862
   0.980	   96.2810	   77.1793
   0.982	   96.2406	   77.1525
   0.984	   96.2358	   77.1354
   0.986	   96.2065	   77.0864
   0.988	   96.1723	   77.0913
   0.990	   96.1989	   77.0807
   0.992	   96.2270	   77.0663
   0.994	   96.2476	   77.0636
   0.996	   96.2630	   77.1013
   0.998	   96.2539	   77.1537
   1.000	   96.2281	   77.1786
   1.002	   96.1973	   77.1723
   1.004	   96.1469	   77.1655
   1.006	   96.1292	   77.1701
   1.008	   96.1317	   77.1542
   1.010	   96.1223	   77.1130
   1.012	   96.1033	   77.0868
   1.014	   96.0977	   77.0986
   1.016	   96.1193	   77.1073
   1.018	   96.1484	   77.1045
   1.020	   96.1659	   77.0948
   1.022	   96.1464	   77.1228
   1.024	   96.1417	   77.1406
   1.026	   96.0575	   77.1738
   1.028	   96.0389	   77.1785
   1.030	   96.0155	   77.1814
   1.032	   96.0190	   77.1614
   1.034	   95.9887	   77.1339
   1.036	   95.9838	   77.1601
   1.038	   95.9945	   77.1378
   1.040	   96.0355	   77.1248
   1.042	   96.0677	   77.1353
   1.044	   96.0608	   77.1793
   1.046	   96.0133	   77.2520
   1.048	   95.9951	   77.2339
   1.050	   95.9935	   77.1917
   1.052	   95.9581	   77.1813
   1.054	   95.9304	   77.1796
   1.056	   95.9012	   77.1662
   1.058	   95.8988	   77.1551
   1.060	   95.9270	   77.1173
   1.062	   95.9467	   77.1124
   1.064	   95.9227	   77.1694
   1.066	   95.9413	   77.2405
   1.068	   95.9211	   77.2575
   1.070	   95.9228	   77.2077
   1.072	   95.8755	   77.2079
   1.074	   95.8686	   77.2064
   1.076	   95.8149	   77.1908
   1.078	   95.8023	   77.1754
   1.080	   95.8251	   77.1392
   1.082	   95.8461	   77.1231
   1.084	   95.8454	   77.1246
   1.086	   95.8573	   77.1462
   1.088	   95.8896	   77.1675
   1.090	   95.9115	   77.2198
   1.092	   95.8406	   77.2588
   1.094	   95.8331	   77.2648
   1.096	   95.7914	   77.2455
   1.098	   95.7684	   77.2228
   1.100	   95.7395	   77.1828
   1.102	   95.7614	   77.1419
   1.104	   95.7721	   77.1696
   1.106	   95.7863	   77.1587
   1.108	   95.8050	   77.1611
   1.110	   95.8311	   77.2105
   1.112	   95.7819	   77.2665
   1.114	   95.7897	   77.2868
   1.116	   95.7438	   77.2845
   1.118	   95.7337	   77.2524
   1.120	   95.7393	   77.1806
   1.122	   95.6932	   77.1574
   1.124	   95.6856	   77.1605
   1.126	   95.7347	   77.1428
   1.128	   95.7521	   77.1273
   1.130	   95.7443	   77.1667
   1.132	   95.7283	   77.2406
   1.134	   95.6987	   77.2735
   1.136	   95.6802	   77.2699
   1.138	   95.6484	   77.2485
   1.140	   95.6126	   77.2197
   1.142	   95.6089	   77.2082
   1.144	   95.6106	   77.1866
   1.146	   95.6113	   77.1884
   1.148	   95.6239	   77.1746
   1.150	   95.6715	   77.1930
   1.152	   95.6812	   77.2467
   1.154	   95.6014	   77.3158
   1.156	   95.6109	   77.2983
   1.158	   95.5894	   77.2722
   1.160	   95.5337	   77.2832
   1.162	   95.4930	   77.2480
   1.164	   95.4970	   77.2371
   1.166	   95.5247	   77.2051
   1.168	   95.5655	   77.1824
   1.170	   95.5832	   77.2072
   1.172	   95.5845	   77.2627
   1.174	   95.5335	   77.3454
   1.176	   95.5296	   77.3332
   1.178	   95.5058	   77.3019
   1.180	   95.4731	   77.2956
   1.182	   95.4320	   77.2906
   1.184	   95.4426	   77.2618
   1.186	   95.4525	   77.2198
   1.188	   95.4769	   77.1964
   1.190	   95.4816	   77.2236
   1.192	   95.4652	   77.3063
   1.194	   95.4814	   77.3570
   1.196	   95.4832	   77.3815
   1.198	   95.4768	   77.3582
   1.200	   95.4469	   77.3075
   1.202	   95.3952	   77.3189
   1.204	   95.3653	   77.2969
   1.206	   95.3512	   77.2402
   1.208	   95.3463	   77.2237
   1.210	   95.3536	   77.2210
   1.212	   95.3505	   77.2254
   1.214	   95.3747	   77.2338
   1.216	   95.3939	   77.2734
   1.218	   95.3937	   77.3354
   1.220	   95.3817	   77.3702
   1.222	   95.3447	   77.3745
   1.224	   95.3295	   77.3389
   1.226	   95.2794	   77.3027
   1.228	   95.2714	   77.2591
   1.230	   95.2456	   77.2516
   1.232	   95.2761	   77.2444
   1.234	   95.2925	   77.2267
   1.236	   95.3096	   77.2839
   1.238	   95.3173	   77.3261
   1.240	   95.2929	   77.3683
   1.242	   95.2616	   77.3402
   1.244	   95.2541	   77.3364
   1.246	   95.2236	   77.2934
   1.248	   95.1959	   77.2738
   1.250	   95.1728	   77.2671
   1.252	   95.1885	   77.2685
   1.254	   95.2199	   77.2767
   1.256	   95.2379	   77.2809
   1.258	   95.2604	   77.3098
   1.260	   95.2175	   77.3554
   1.262	   95.1947	   77.3605
   1.264	   95.1837	   77.3396
   1.266	   95.1566	   77.3366
   1.268	   95.1278	   77.3593
   1.270	   95.0946	   77.3312
   1.272	   95.1012	   77.3226
   1.274	   95.1297	   77.2972
   1.276	   95.1437	   77.3022
   1.278	   95.1435	   77.3145
   1.280	   95.1570	   77.3628
   1.282	   95.1519	   77.3716
   1.284	   95.1313	   77.3479
   1.286	   95.0847	   77.3666
   1.288	   95.0455	   77.3872
   1.290	   94.9678	   77.4164
   1.292	   94.9720	   77.3811
   1.294	   95.0021	   77.3363
   1.296	   95.0443	   77.3132
   1.298	   95.0500	   77.3258
   1.300	   95.0559	   77.3707
   1.302	   95.0821	   77.3972
   1.304	   95.0676	   77.4050
   1.306	   95.0319	   77.4230
   1.308	   94.9587	   77.4714
   1.310	   94.9439	   77.4411
   1.312	   94.9112	   77.4002
   1.314	   94.9075	   77.4049
   1.316	   94.9296	   77.3750
   1.318	   94.9349	   77.3878
   1.320	   94.9578	   77.3910
   1.322	   95.0013	   77.4022
   1.324	   94.9850	   77.4153
   1.326	   94.9173	   77.4633
   1.328	   94.9040	   77.4996
   1.330	   94.8490	   77.5078
   1.332	   94.8554	   77.4781
   1.334	   94.8308	   77.4467
   1.336	   94.8158	   77.4439
   1.338	   94.8292	   77.4488
   1.340	   94.8629	   77.4264
   1.342	   94.8978	   77.4155
   1.344	   94.9329	   77.4512
   1.346	   94.8681	   77.5093
   1.348	   94.8247	   77.5417
   1.350	   94.7830	   77.5651
   1.352	   94.7841	   77.5598
   1.354	   94.7526	   77.5540
   1.356	   94.7448	   77.5434
   1.358	   94.7479	   77.5193
   1.360	   94.7959	   77.4988
   1.362	   94.8120	   77.4882
   1.364	   94.8104	   77.5366
   1.366	   94.8000	   77.6021
   1.368	   94.7704	   77.6385
   1.370	   94.7525	   77.6180
   1.372	   94.7556	   77.6115
   1.374	   94.7165	   77.6371
   1.376	   94.6575	   77.6453
   1.378	   94.6743	   77.6221
   1.380	   94.7067	   77.5858
   1.382	   94.7371	   77.5424
   1.384	   94.7336	   77.5609
   1.386	   94.7200	   77.6390
   1.388	   94.7218	   77.6784
   1.390	   94.7146	   77.6983
   1.392	   94.7069	   77.6920
   1.394	   94.6651	   77.7123
   1.396	   94.6396	   77.7441
   1.398	   94.6094	   77.7156
   1.400	   94.6264	   77.6824
   1.402	   94.6454	   77.6502
   1.404	   94.6502	   77.6497
   1.406	   94.6655	   77.6882
   1.408	   94.6791	   77.7243
   1.410	   94.6833	   77.7402
   1.412	   94.6557	   77.7527
   1.414	   94.6033	   77.7843
   1.416	   94.5522	   77.8165
   1.418	   94.5447	   77.7739
   1.420	   94.5762	   77.7331
   1.422	   94.6044	   77.7078
   1.424	   94.5969	   77.7392
   1.426	   94.6267	   77.7760
   1.428	   94.6404	   77.8018
   1.430	   94.6424	   77.7876
   1.432	   94.6016	   77.8122
   1.434	   94.5378	   77.8568
   1.436	   94.4944	   77.8597
   1.438	   94.4908	   77.8245
   1.440	   94.5113	   77.7921
   1.442	   94.5130	   77.7873
   1.444	   94.5138	   77.8044
   1.446	   94.5422	   77.8333
   1.448	   94.5685	   77.8325
   1.450	   94.5591	   77.8431
   1.452	   94.5145	   77.8818
   1.454	   94.4445	   77.9183
   1.456	   94.4207	   77.9264
   1.458	   94.4221	   77.8762
   1.460	   94.4330	   77.8434
   1.462	   94.4350	   77.8713
   1.464	   94.4337	   77.8558
   1.466	   94.4490	   77.8453
   1.468	   94.4925	   77.8677
   1.470	   94.5100	   77.8955
   1.472	   94.4649	   77.9348
   1.474	   94.4174	   78.0017
   1.476	   94.4149	   78.0173
   1.478	   94.4070	   77.9744
   1.480	   94.3748	   77.9359
   1.482	   94.3599	   77.9521
   1.484	   94.3765	   77.9341
   1.486	   94.4059	   77.9120
   1.488	   94.4521	   77.9050
   1.490	   94.4589	   77.9436
   1.492	   94.4494	   78.0115
   1.494	   94.4327	   78.0696
   1.496	   94.4227	   78.0686
   1.498	   94.3960	   78.0659
   1.500	   94.3847	   78.0495
   1.502	   94.3365	   78.0437
   1.504	   94.3459	   78.0168
   1.506	   94.3726	   77.9692
   1.508	   94.4093	   77.9572
   1.510	   94.4269	   78.0075
   1.512	   94.4271	   78.0902
   1.514	   94.4089	   78.1471
   1.516	   94.4283	   78.1471
   1.518	   94.4157	   78.1581
   1.520	   94.3751	   78.1618
   1.522	   94.3453	   78.1536
   1.524	   94.3486	   78.1295
   1.526	   94.3662	   78.1030
   1.528	   94.3946	   78.0649
   1.530	   94.4193	   78.1113
   1.532	   94.4292	   78.1806
   1.534	   94.4448	   78.2169
   1.536	   94.4695	   78.2243
   1.538	   94.4601	   78.2316
   1.540	   94.4410	   78.2611
   1.542	   94.3767	   78.2839
   1.544	   94.3517	   78.2623
   1.546	   94.3469	   78.2118
   1.548	   94.3644	   78.2136
   1.550	   94.3642	   78.2230
   1.552	   94.3729	   78.2416
   1.554	   94.3993	   78.2619
   1.556	   94.4211	   78.2788
   1.558	   94.4303	   78.3184
   1.560	   94.3905	   78.3457
   1.562	   94.3460	   78.3557
   1.564	   94.3471	   78.3215
   1.566	   94.3480	   78.2846
   1.568	   94.3428	   78.2741
   1.570	   94.3271	   78.2891
   1.572	   94.3551	   78.3067
   1.574	   94.4330	   78.3252
   1.576	   94.4432	   78.3525
   1.578	   94.4445	   78.4063
   1.580	   94.4314	   78.4451
   1.582	   94.4099	   78.4297
   1.584	   94.3736	   78.4142
   1.586	   94.3843	   78.3881
   1.588	   94.3768	   78.3898
   1.590	   94.3576	   78.3958
   1.592	   94.3961	   78.4084
   1.594	   94.4514	   78.4046
   1.596	   94.4780	   78.4395
   1.598	   94.4483	   78.5047
   1.600	   94.4441	   78.5491
   1.602	   94.4033	   78.5216
   1.604	   94.3837	   78.4854
   1.606	   94.3868	   78.4465
   1.608	   94.3856	   78.4598
   1.610	   94.3915	   78.4839
   1.612	   94.4340	   78.4967
   1.614	   94.4938	   78.4958
   1.616	   94.5090	   78.5252
   1.618	   94.4998	   78.5828
   1.620	   94.4944	   78.6163
   1.622	   94.5046	   78.5825
   1.624	   94.4870	   78.5794
   1.626	   94.4633	   78.5803
   1.628	   94.4426	   78.5983
   1.630	   94.4217	   78.5855
   1.632	   94.4721	   78.5693
   1.634	   94.5240	   78.5623
   1.636	   94.5544	   78.5982
   1.638	   94.5705	   78.6425
   1.640	   94.5500	   78.6937
   1.642	   94.5583	   78.6922
   1.644	   94.5365	   78.6628
   1.646	   94.4844	   78.6319
   1.648	   94.4498	   78.6502
   1.650	   94.4416	   78.6566
   1.652	   94.4624	   78.6355
   1.654	   94.5312	   78.6186
   1.656	   94.5828	   78.6752
   1.658	   94.5899	   78.7187
   1.660	   94.6250	   78.7333
   1.662	   94.6265	   78.7070
   1.664	   94.6476	   78.7331
   1.666	   94.5859	   78.7594
   1.668	   94.5488	   78.7763
   1.670	   94.5670	   78.7839
   1.672	   94.5709	   78.7404
   1.674	   94.6332	   78.7345
   1.676	   94.6578	   78.7562
   1.678	   94.6657	   78.7822
   1.680	   94.6687	   78.8028
   1.682	   94.6766	   78.7928
   1.684	   94.7108	   78.8502
   1.686	   94.6966	   78.8853
   1.688	   94.6377	   78.8502
   1.690	   94.6103	   78.8186
   1.692	   94.6123	   78.8082
   1.694	   94.6333	   78.8088
   1.696	   94.6494	   78.8214
   1.698	   94.7049	   78.8387
   1.700	   94.7407	   78.8366
   1.702	   94.7746	   78.8375
   1.704	   94.7915	   78.8868
   1.706	   94.7747	   78.9365
   1.708	   94.7692	   78.9527
   1.710	   94.7266	   78.8926
   1.712	   94.6935	   78.8666
   1.714	   94.7104	   78.8843
   1.716	   94.7273	   78.8953
   1.718	   94.7456	   78.8802
   1.720	   94.8331	   78.8813
   1.722	   94.8641	   78.8849
   1.724	   94.8491	   78.9270
   1.726	   94.8512	   78.9817
   1.728	   94.8138	   79.0070
   1.730	   94.8224	   78.9964
   1.732	   94.7707	   78.9298
   1.734	   94.7756	   78.9588
   1.736	   94.7877	   78.9632
   1.738	   94.8035	   78.9750
   1.740	   94.8457	   78.9380
   1.742	   94.9035	   78.9491
   1.744	   94.9308	   78.9717
   1.746	   94.9394	   79.0051
   1.748	   94.9082	   79.0451
   1.750	   94.8956	   79.0440
   1.752	   94.8628	   79.0168
   1.754	   94.8127	   79.0079
   1.756	   94.8760	   79.0168
   1.758	   94.9099	   79.0082
   1.760	   94.9346	   78.9790
   1.762	   94.9778	   79.0056
   1.764	   95.0200	   79.0013
   1.766	   95.0221	   79.0230
   1.768	   94.9934	   79.0523
   1.770	   94.9589	   79.0576
   1.772	   94.9172	   79.0492
   1.774	   94.9224	   79.0752
   1.776	   94.9474	   79.0899
   1.778	   95.0067	   79.0388
   1.780	   95.0653	   79.0012
   1.782	   95.0915	   79.0119
   1.784	   95.0937	   79.0008
   1.786	   95.1358	   78.9827
   1.788	   95.1556	   78.9636
   1.790	   95.1238	   79.0171
   1.792	   95.1001	   79.0391
   1.794	   95.0603	   79.0965
   1.796	   95.0477	   79.1213
   1.798	   95.0449	   79.0979
   1.800	   95.0784	   79.0628
   1.802	   95.0891	   79.0853
   1.804	   95.1258	   79.1035
   1.806	   95.1806	   79.0945
   1.808	   95.1999	   79.1004
   1.810	   95.1601	   79.1060
   1.812	   95.1272	   79.1239
   1.814	   95.1261	   79.1332
   1.816	   95.1335	   79.1247
   1.818	   95.1649	   79.0894
   1.820	   95.1976	   79.0424
   1.822	   95.2375	   79.0535
   1.824	   95.2775	   79.0816
   1.826	   95.2972	   79.0663
   1.828	   95.3049	   79.0858
   1.830	   95.3006	   79.1367
   1.832	   95.2327	   79.1456
   1.834	   95.1817	   79.1597
   1.836	   95.2046	   79.1534
   1.838	   95.2755	   79.1183
   1.840	   95.3072	   79.0766
   1.842	   95.3345	   79.0741
   1.844	   95.3675	   79.0730
   1.846	   95.4197	   79.0492
   1.848	   95.4133	   79.0858
   1.850	   95.3804	   79.1333
   1.852	   95.3305	   79.1784
   1.854	   95.2743	   79.1760
   1.856	   95.3065	   79.1618
   1.858	   95.3844	   79.1184
   1.860	   95.4236	   79.1073
   1.862	   95.4570	   79.0884
   1.864	   95.4814	   79.0748
   1.866	   95.4925	   79.0595
   1.868	   95.5066	   79.0842
   1.870	   95.4834	   79.0966
   1.872	   95.4203	   79.1007
   1.874	   95.4263	   79.1011
   1.876	   95.4672	   79.0505
   1.878	   95.4975	   79.0408
   1.880	   95.5110	   79.0551
   1.882	   95.5400	   79.1022
   1.884	   95.5449	   79.0979
   1.886	   95.5740	   79.0737
   1.888	   95.5624	   79.0948
   1.890	   95.5424	   79.1491
   1.892	   95.5013	   79.1850
   1.894	   95.4954	   79.1773
   1.896	   95.5410	   79.1695
   1.898	   95.5756	   79.1440
   1.900	   95.5790	   79.1369
   1.902	   95.5775	   79.1216
   1.904	   95.6157	   79.0713
   1.906	   95.6567	   79.0258
   1.908	   95.6396	   79.0420
   1.910	   95.6408	   79.1375
   1.912	   95.6083	   79.1994
   1.914	   95.5772	   79.1975
   1.916	   95.5979	   79.1877
   1.918	   95.6349	   79.1781
   1.920	   95.6524	   79.1547
   1.922	   95.6847	   79.1389
   1.924	   95.7275	   79.1115
   1.926	   95.7676	   79.0394
   1.928	   95.7350	   79.0102
   1.930	   95.7311	   79.0793
   1.932	   95.7208	   79.1505
   1.934	   95.7004	   79.1794
   1.936	   95.6825	   79.1791
   1.938	   95.7101	   79.1995
   1.940	   95.7467	   79.1844
   1.942	   95.7747	   79.1434
   1.944	   95.8205	   79.0966
   1.946	   95.8651	   79.0901
   1.948	   95.8425	   79.0532
   1.950	   95.8009	   79.0402
   1.952	   95.8163	   79.0557
   1.954	   95.8109	   79.0481
   1.956	   95.7986	   79.0400
   1.958	   95.7905	   79.0888
   1.960	   95.8195	   79.1315
   1.962	   95.8293	   79.1330
   1.964	   95.8749	   79.1231
   1.966	   95.9042	   79.1288
   1.968	   95.8839	   79.1150
   1.970	   95.8983	   79.1457
   1.972	   95.8991	   79.1823
   1.974	   95.8971	   79.1913
   1.976	   95.9239	   79.1641
   1.978	   95.8980	   79.1854
   1.980	   95.8975	   79.1943
   1.982	   95.9075	   79.1550
   1.984	   95.9360	   79.1258
   1.986	   95.9375	   79.1358
   1.988	   95.9552	   79.1700
   1.990	   95.9729	   79.2062
   1.992	   95.9769	   79.1953
   1.994	   95.9652	   79.2262
   1.996	   95.9631	   79.2215
   1.998	   95.9788	   79.2385
   2.000	   95.9752	   79.2517
   2.002	   95.9960	   79.2168
   2.004	   96.0228	   79.1701
   2.006	   96.0525	   79.1646
   2.008	   96.0570	   79.1852
   2.010	   96.0615	   79.2022
   2.012	   96.0644	   79.1845
   2.014	   96.0595	   79.2175
   2.016	   96.0493	   79.2501
   2.018	   96.0668	   79.2564
   2.020	   96.0681	   79.2415
   2.022	   96.1168	   79.2150
   2.024	   96.1314	   79.1855
   2.026	   96.1372	   79.1763
   2.028	   96.1473	   79.2017
   2.030	   96.1675	   79.2101
   2.032	   96.1328	   79.1936
   2.034	   96.1694	   79.2375
   2.036	   96.1368	   79.2480
   2.038	   96.1510	   79.2516
   2.040	   96.1463	   79.2532
   2.042	   96.1731	   79.2307
   2.044	   96.1892	   79.1842
   2.046	   96.1886	   79.1760
   2.048	   96.2196	   79.2019
   2.050	   96.2561	   79.2098
   2.052	   96.2673	   79.2031
   2.054	   96.2673	   79.2322
   2.056	   96.2423	   79.2750
   2.058	   96.2534	   79.2456
   2.060	   96.2450	   79.2613
   2.062	   96.2559	   79.2403
   2.064	   96.2698	   79.2122
   2.066	   96.2804	   79.2251
   2.068	   96.3029	   79.2118
   2.070	   96.3399	   79.2021
   2.072	   96.3805	   79.2113
   2.074	   96.3452	   79.2212
   2.076	   96.3105	   79.2607
   2.078	   96.3315	   79.2387
   2.080	   96.3432	   79.2218
   2.082	   96.3434	   79.2166
   2.084	   96.3463	   79.2390
   2.086	   96.3534	   79.2200
   2.088	   96.3731	   79.2216
   2.090	   96.4171	   79.2097
   2.092	   96.4454	   79.2047
   2.094	   96.4682	   79.2187
   2.096	   96.4383	   79.2543
   2.098	   96.4149	   79.2586
   2.100	   96.4638	   79.2617
   2.102	   96.4604	   79.2400
   2.104	   96.4371	   79.2545
   2.106	   96.4342	   79.2889
   2.108	   96.4216	   79.2440
   2.110	   96.4449	   79.2216
   2.112	   96.4656	   79.2229
   2.114	   96.5273	   79.2474
   2.116	   96.5311	   79.2506
   2.118	   96.5900	   79.2634
   2.120	   96.5405	   79.2208
   2.122	   96.5491	   79.2543
   2.124	   96.5685	   79.2659
   2.126	   96.5459	   79.2515
   2.128	   96.5310	   79.2556
   2.130	   96.5392	   79.2339
   2.132	   96.5557	   79.2040
   2.134	   96.5500	   79.2243
   2.136	   96.5515	   79.2418
   2.138	   96.6049	   79.2272
   2.140	   96.6775	   79.2220
   2.142	   96.6637	   79.2291
   2.144	   96.6670	   79.2963
   2.146	   96.6737	   79.3087
   2.148	   96.6646	   79.2780
   2.150	   96.6690	   79.2491
   2.152	   96.6679	   79.2366
   2.154	   96.6520	   79.2102
   2.156	   96.6566	   79.2097
   2.158	   96.7011	   79.2093
   2.160	   96.7704	   79.1985
   2.162	   96.7716	   79.2158
   2.164	   96.7443	   79.2208
   2.166	   96.7305	   79.2478
   2.168	   96.7546	   79.2507
   2.170	   96.7790	   79.2321
   2.172	   96.7596	   79.2636
   2.174	   96.7401	   79.2636
   2.176	   96.7436	   79.2234
   2.178	   96.7760	   79.2049
   2.180	   96.8008	   79.1998
   2.182	   96.8098	   79.2280
   2.184	   96.8394	   79.2309
   2.186	   96.8593	   79.2657
   2.188	   96.8829	   79.2803
   2.190	   96.8840	   79.2656
   2.192	   96.8443	   79.2763
   2.194	   96.8294	   79.2802
   2.196	   96.8254	   79.2393
   2.198	   96.8412	   79.2208
   2.200	   96.8796	   79.2074
   2.202	   96.8861	   79.2253
   2.204	   96.9198	   79.2233
   2.206	   96.9202	   79.1984
   2.208	   96.9517	   79.2131
   2.210	   96.9603	   79.2431
   2.212	   96.9470	   79.2504
   2.214	   96.9255	   79.2455
   2.216	   96.9429	   79.2334
   2.218	   96.9497	   79.2080
   2.220	   96.9385	   79.2183
   2.222	   96.9459	   79.2359
   2.224	   96.9959	   79.2385
   2.226	   97.0565	   79.2408
   2.228	   97.0234	   79.2199
   2.230	   97.0148	   79.2241
   2.232	   97.0268	   79.2391
   2.234	   97.0141	   79.2363
   2.236	   97.0202	   79.2084
   2.238	   97.0120	   79.2054
   2.240	   97.0355	   79.2327
   2.242	   97.0207	   79.2717
   2.244	   97.0489	   79.2616
   2.246	   97.0905	   79.2250
   2.248	   97.1257	   79.2075
   2.250	   97.1613	   79.2561
   2.252	   97.0968	   79.2192
   2.254	   97.1265	   79.2243
   2.256	   97.1316	   79.2083
   2.258	   97.1365	   79.1839
   2.260	   97.1193	   79.2312
   2.262	   97.1164	   79.2611
   2.264	   97.1552	   79.2479
   2.266	   97.1814	   79.2254
   2.268	   97.2052	   79.2296
   2.270	   97.1858	   79.2309
   2.272	   97.2122	   79.2405
   2.274	   97.2242	   79.1939
   2.276	   97.2605	   79.1806
   2.278	   97.2424	   79.1996
   2.280	   97.1841	   79.2235
   2.282	   97.2126	   79.2438
   2.284	   97.2203	   79.2247
   2.286	   97.2478	   79.1972
   2.288	   97.2684	   79.2174
   2.290	   97.2840	   79.2472
   2.292	   97.3173	   79.2400
   2.294	   97.3670	   79.2419
   2.296	   97.3282	   79.1962
   2.298	   97.3578	   79.2078
   2.300	   97.3591	   79.2369
   2.302	   97.3424	   79.2465
   2.304	   97.3448	   79.2388
   2.306	   97.3460	   79.2167
   2.308	   97.3645	   79.2173
   2.310	   97.3587	   79.2395
   2.312	   97.3880	   79.2335
   2.314	   97.4381	   79.2115
   2.316	   97.4549	   79.2070
   2.318	   97.4541	   79.2269
   2.320	   97.4650	   79.2730
   2.322	   97.4709	   79.2413
   2.324	   97.4615	   79.2147
   2.326	   97.4641	   79.2235
   2.328	   97.4392	   79.2307
   2.330	   97.4529	   79.2159
   2.332	   97.4714	   79.2078
   2.334	   97.5208	   79.1859
   2.336	   97.5449	   79.2004
   2.338	   97.5461	   79.2277
   2.340	   97.5188	   79.2537
   2.342	   97.5567	   79.2431
   2.344	   97.5680	   79.1926
   2.346	   97.5428	   79.1955
   2.348	   97.5325	   79.2211
   2.350	   97.5213	   79.2049
   2.352	   97.5561	   79.1997
   2.354	   97.5872	   79.1717
   2.356	   97.6163	   79.1652
   2.358	   97.6480	   79.2064
   2.360	   97.6768	   79.2591
   2.362	   97.6633	   79.2344
   2.364	   97.6438	   79.2317
   2.366	   97.6391	   79.2203
   2.368	   97.6276	   79.1816
   2.370	   97.6348	   79.1782
   2.372	   97.6796	   79.1759
   2.374	   97.6951	   79.1700
   2.376	   97.7331	   79.1928
   2.378	   97.7137	   79.1834
   2.380	   97.7298	   79.1854
   2.382	   97.7488	   79.1607
   2.384	   97.7242	   79.1671
   2.386	   97.7067	   79.2213
   2.388	   97.6981	   79.2180
   2.390	   97.7125	   79.1811
   2.392	   97.7644	   79.1487
   2.394	   97.7833	   79.1388
   2.396	   97.8031	   79.1359
   2.398	   97.8134	   79.1518
   2.400	   97.8417	   79.1635
   2.402	   97.8335	   79.1338
   2.404	   97.8354	   79.0976
   2.406	   97.8154	   79.1158
   2.408	   97.8101	   79.1414
   2.410	   97.8345	   79.1563
   2.412	   97.8569	   79.1402
   2.414	   97.8705	   79.1349
   2.416	   97.8734	   79.1285
   2.418	   97.8806	   79.1195
   2.420	   97.9395	   79.0972
   2.422	   97.9362	   79.0957
   2.424	   97.9342	   79.1058
   2.426	   97.9441	   79.0999
   2.428	   97.9022	   79.1128
   2.430	   97.9386	   79.1177
   2.432	   97.9359	   79.1072
   2.434	   97.9540	   79.0928
   2.436	   97.9576	   79.0997
   2.438	   97.9788	   79.0836
   2.440	   98.0241	   79.0456
   2.442	   98.0464	   79.0409
   2.444	   98.0331	   79.0613
   2.446	   98.0203	   79.0715
   2.448	   98.0360	   79.0534
   2.450	   98.0267	   79.0474
   2.452	   98.0508	   79.0427
   2.454	   98.0501	   79.0602
   2.456	   98.0576	   79.0635
   2.458	   98.0891	   79.0736
   2.460	   98.0984	   79.0419
   2.462	   98.1464	   79.0116
   2.464	   98.1447	   79.0247
   2.466	   98.1192	   79.0445
   2.468	   98.1302	   79.0232
   2.470	   98.1324	   79.0066
   2.472	   98.1391	   79.0059
   2.474	   98.1322	   79.0590
   2.476	   98.1255	   79.0549
   2.478	   98.1414	   79.0361
   2.480	   98.1777	   79.0203
   2.482	   98.1926	   78.9967
   2.484	   98.1909	   78.9919
   2.486	   98.2363	   78.9863
   2.488	   98.2397	   78.9743
   2.490	   98.2337	   78.9559
   2.492	   98.2550	   78.9623
   2.494	   98.2298	   78.9888
   2.496	   98.2250	   78.9963
   2.498	   98.2445	   78.9895
   2.500	   98.2580	   78.9585
   2.502	   98.2679	   78.9658
   2.504	   98.2678	   78.9618
   2.506	   98.2871	   78.9356
   2.508	   98.3314	   78.9095
   2.510	   98.3347	   78.8978
   2.512	   98.3480	   78.9211
   2.514	   98.3114	   78.9365
   2.516	   98.2967	   78.9220
   2.518	   98.3269	   78.9293
   2.520	   98.3505	   78.9307
   2.522	   98.3347	   78.9332
   2.524	   98.3555	   78.9264
   2.526	   98.4052	   78.8932
   2.528	   98.4261	   78.8662
   2.530	   98.4171	   78.8558
   2.532	   98.4400	   78.8615
   2.534	   98.4116	   78.8575
   2.536	   98.4090	   78.8430
   2.538	   98.4082	   78.8393
   2.540	   98.4022	   78.8565
   2.542	   98.3929	   78.8813
   2.544	   98.4178	   78.8853
   2.546	   98.4336	   78.8630
   2.548	   98.4556	   78.8372
   2.550	   98.4736	   78.8008
   2.552	   98.4685	   78.7926
   2.554	   98.5051	   78.8008
   2.556	   98.5004	   78.7922
   2.558	   98.5061	   78.7549
   2.560	   98.4827	   78.7659
   2.562	   98.4505	   78.7975
   2.564	   98.4801	   78.8007
   2.566	   98.4989	   78.8220
   2.568	   98.5233	   78.7944
   2.570	   98.5437	   78.7850
   2.572	   98.5411	   78.7810
   2.574	   98.5442	   78.7684
   2.576	   98.5701	   78.7452
   2.578	   98.5834	   78.7222
   2.580	   98.5885	   78.7337
   2.582	   98.5521	   78.7310
   2.584	   98.5625	   78.7347
   2.586	   98.5773	   78.7418
   2.588	   98.5887	   78.7402
   2.590	   98.5929	   78.7513
   2.592	   98.6118	   78.7492
   2.594	   98.6430	   78.7147
   2.596	   98.6487	   78.6858
   2.598	   98.6691	   78.6754
   2.600	   98.6582	   78.6832
   2.602	   98.6531	   78.6886
   2.604	   98.6661	   78.6612
   2.606	   98.6819	   78.6702
   2.608	   98.6788	   78.6764
   2.610	   98.6592	   78.6996
   2.612	   98.6762	   78.6988
   2.614	   98.7167	   78.6747
   2.616	   98.7514	   78.6449
   2.618	   98.7566	   78.6250
   2.620	   98.7884	   78.6347
   2.622	   98.7544	   78.6483
   2.624	   98.7897	   78.6222
   2.626	   98.7750	   78.6027
   2.628	   98.7453	   78.6502
   2.630	   98.7528	   78.6580
   2.632	   98.7641	   78.6333
   2.634	   98.7665	   78.6270
   2.636	   98.7941	   78.6089
   2.638	   98.8264	   78.5957
   2.640	   98.8295	   78.5846
   2.642	   98.8720	   78.5742
   2.644	   98.8727	   78.5675
   2.646	   98.9076	   78.5670
   2.648	   98.8618	   78.5860
   2.650	   98.8236	   78.6325
   2.652	   98.8385	   78.6175
   2.654	   98.8555	   78.5821
   2.656	   98.8518	   78.5718
   2.658	   98.8850	   78.5787
   2.660	   98.8831	   78.5858
   2.662	   98.9147	   78.5777
   2.664	   98.9762	   78.5420
   2.666	   98.9730	   78.5466
   2.668	   98.9566	   78.5469
   2.670	   98.9437	   78.5662
   2.672	   98.9208	   78.5640
   2.674	   98.9491	   78.5632
   2.676	   98.9540	   78.5436
   2.678	   98.9371	   78.5488
   2.680	   98.9712	   78.5496
   2.682	   99.0077	   78.5240
   2.684	   99.0235	   78.5057
   2.686	   99.0442	   78.5099
   2.688	   99.0374	   78.5199
   2.690	   99.0603	   78.5303
   2.692	   99.0513	   78.4997
   2.694	   99.0357	   78.5078
   2.696	   99.0375	   78.5215
   2.698	   99.0407	   78.5361
   2.700	   99.0616	   78.5289
   2.702	   99.0607	   78.5175
   2.704	   99.1131	   78.4710
   2.706	   99.1226	   78.4800
   2.708	   99.1500	   78.4719
   2.710	   99.1505	   78.4796
   2.712	   99.1651	   78.4554
   2.714	   99.1693	   78.4164
   2.716	   99.1184	   78.4262
   2.718	   99.1151	   78.4759
   2.720	   99.1424	   78.4948
   2.722	   99.1720	   78.4882
   2.724	   99.1896	   78.4611
   2.726	   99.2026	   78.4618
   2.728	   99.1994	   78.4442
   2.730	   99.1902	   78.4359
   2.732	   99.2111	   78.3751
   2.734	   99.2016	   78.3584
   2.736	   99.1740	   78.3678
   2.738	   99.1625	   78.3861
   2.740	   99.1782	   78.4007
   2.742	   99.2535	   78.4376
   2.744	   99.2759	   78.4491
   2.746	   99.2640	   78.4337
   2.748	   99.2697	   78.4132
   2.750	   99.2630	   78.3755
   2.752	   99.2592	   78.3150
   2.754	   99.1986	   78.2907
   2.756	   99.1810	   78.2997
   2.758	   99.2377	   78.3269
   2.760	   99.2793	   78.3381
   2.762	   99.3370	   78.3757
   2.764	   99.3338	   78.4017
   2.766	   99.3257	   78.3673
   2.768	   99.3029	   78.3179
   2.770	   99.2762	   78.2979
   2.772	   99.2725	   78.2508
   2.774	   99.2672	   78.2565
   2.776	   99.2567	   78.2625
   2.778	   99.2804	   78.2537
   2.780	   99.3308	   78.2401
   2.782	   99.3501	   78.2420
   2.784	   99.3728	   78.2969
   2.786	   99.3571	   78.2956
   2.788	   99.3295	   78.2809
   2.790	   99.3183	   78.2371
   2.792	   99.3207	   78.1963
   2.794	   99.3145	   78.1897
   2.796	   99.3105	   78.1893
   2.798	   99.3339	   78.1824
   2.800	   99.3818	   78.1448
   2.802	   99.3838	   78.1586
   2.804	   99.3857	   78.1943
   2.806	   99.3887	   78.2254
   2.808	   99.3925	   78.2099
   2.810	   99.3837	   78.1631
   2.812	   99.3788	   78.1421
   2.814	   99.3796	   78.1343
   2.816	   99.3739	   78.1515
   2.818	   99.3801	   78.1002
   2.820	   99.4058	   78.0767
   2.822	   99.4601	   78.0653
   2.824	   99.4252	   78.0880
   2.826	   99.4006	   78.1035
   2.828	   99.4424	   78.1255
   2.830	   99.4616	   78.1063
   2.832	   99.4494	   78.0886
   2.834	   99.4350	   78.0797
   2.836	   99.4485	   78.0778
   2.838	   99.4844	   78.0379
   2.840	   99.4907	   78.0161
   2.842	   99.4880	   78.0000
   2.844	   99.4731	   78.0166
   2.846	   99.4913	   77.9941
   2.848	   99.4995	   77.9954
   2.850	   99.5027	   78.0026
   2.852	   99.5143	   78.0332
   2.854	   99.5068	   78.0328
   2.856	   99.5278	   78.0200
   2.858	   99.5546	   77.9893
   2.860	   99.5747	   77.9516
   2.862	   99.5582	   77.9467
   2.864	   99.5292	   77.9430
   2.866	   99.5394	   77.9243
   2.868	   99.5576	   77.8865
   2.870	   99.5633	   77.8910
   2.872	   99.5567	   77.9221
   2.874	   99.5573	   77.9486
   2.876	   99.5922	   77.9388
   2.878	   99.6084	   77.9184
   2.880	   99.6291	   77.8950
   2.882	   99.6105	   77.8955
   2.884	   99.5832	   77.8701
   2.886	   99.6094	   77.8571
   2.888	   99.6183	   77.8250
   2.890	   99.6079	   77.8072
   2.892	   99.5755	   77.8380
   2.894	   99.5859	   77.8763
   2.896	   99.6280	   77.8810
   2.898	   99.6726	   77.8766
   2.900	   99.6702	   77.8599
   2.902	   99.6739	   77.8341
   2.904	   99.6746	   77.8101
   2.906	   99.6691	   77.7873
   2.908	   99.6872	   77.7450
   2.910	   99.6923	   77.7225
   2.912	   99.6527	   77.7607
   2.914	   99.6313	   77.7667
   2.916	   99.6546	   77.7559
   2.918	   99.7246	   77.7803
   2.920	   99.7700	   77.8001
   2.922	   99.7638	   77.7965
   2.924	   99.7470	   77.7589
   2.926	   99.7448	   77.6944
   2.928	   99.7238	   77.6722
   2.930	   99.6753	   77.6625
   2.932	   99.6446	   77.6900
   2.934	   99.6866	   77.6841
   2.936	   99.7471	   77.6466
   2.938	   99.7526	   77.6834
   2.940	   99.7549	   77.7000
   2.942	   99.7570	   77.7274
   2.944	   99.7823	   77.7033
   2.946	   99.7624	   77.6435
   2.948	   99.7445	   77.6218
   2.950	   99.7290	   77.6425
   2.952	   99.7197	   77.6488
   2.954	   99.7235	   77.6356
   2.956	   99.7536	   77.6192
   2.958	   99.8030	   77.5838
   2.960	   99.8122	   77.6006
   2.962	   99.7980	   77.6262
   2.964	   99.7733	   77.6374
   2.966	   99.7800	   77.5956
   2.968	   99.8000	   77.5884
   2.970	   99.7820	   77.5998
   2.972	   99.7842	   77.6095
   2.974	   99.7936	   77.5711
   2.976	   99.8248	   77.5406
   2.978	   99.8456	   77.5224
   2.980	   99.8256	   77.5520
   2.982	   99.8332	   77.5296
   2.984	   99.8770	   77.5378
   2.986	   99.8674	   77.5173
   2.988	   99.8521	   77.5534
   2.990	   99.8791	   77.5930
   2.992	   99.8842	   77.5712
   2.994	   99.8890	   77.5216
   2.996	   99.9243	   77.4866
   2.998	   99.8940	   77.4758
   3.000	   99.8579	   77.4737
   3.002	   99.8655	   77.4522
   3.004	   99.8375	   77.4280
   3.006	   99.8729	   77.4262
   3.008	   99.8844	   77.4615
   3.010	   99.8683	   77.4892
   3.012	   99.9303	   77.5032
   3.014	   99.9769	   77.4910
   3.016	   99.9835	   77.4732
   3.018	   99.9501	   77.4479
   3.020	   99.8941	   77.4162
   3.022	   99.8619	   77.3935
   3.024	   99.8647	   77.3462
   3.026	   99.8591	   77.3267
   3.028	   99.8307	   77.3434
   3.030	   99.8700	   77.3591
   3.032	   99.8980	   77.3450
   3.034	   99.9298	   77.3430
   3.036	   99.9376	   77.3633
   3.038	   99.9176	   77.3560
   3.040	   99.8610	   77.3507
   3.042	   99.8515	   77.2823
   3.044	   99.8759	   77.2502
   3.046	   99.8877	   77.2347
   3.048	   99.8408	   77.2550
   3.050	   99.8276	   77.2419
   3.052	   99.8690	   77.2478
   3.054	   99.8833	   77.2199
   3.056	   99.8649	   77.2355
   3.058	   99.8605	   77.2566
   3.060	   99.8797	   77.2776
   3.062	   99.8827	   77.2272
   3.064	   99.9159	   77.2000
   3.066	   99.9113	   77.1903
   3.068	   99.8995	   77.1876
   3.070	   99.8771	   77.1719
   3.072	   99.8917	   77.1475
   3.074	   99.9178	   77.1356
   3.076	   99.9016	   77.1110
   3.078	   99.8772	   77.1830
   3.080	   99.8982	   77.1813
   3.082	   99.9322	   77.1719
   3.084	   99.9459	   77.1258
   3.086	   99.9293	   77.1174
   3.088	   99.9393	   77.1299
   3.090	   99.9299	   77.0919
   3.092	   99.9470	   77.0489
   3.094	   99.9558	   77.0302
   3.096	   99.9527	   77.0500
   3.098	   99.9605	   77.0502
   3.100	   99.9286	   77.0733
   3.102	   99.9609	   77.0768
   3.104	   99.9919	   77.0578
   3.106	   99.9565	   77.0452
   3.108	   99.9534	   77.0488
   3.110	   99.9833	   77.0063
   3.112	  100.0071	   76.9893
   3.114	   99.9943	   76.9500
   3.116	   99.9858	   76.9577
   3.118	   99.9883	   76.9729
   3.120	   99.9656	   76.9590
   3.122	   99.9946	   76.9597
   3.124	  100.0254	   76.9891
   3.126	  100.0079	   76.9891
   3.128	   99.9863	   76.9765
   3.130	  100.0160	   76.9323
   3.132	  100.0500	   76.8728
   3.134	  100.0242	   76.8875
   3.136	  100.0017	   76.8832
   3.138	  100.0118	   76.8679
   3.140	  100.0374	   76.8157
   3.142	  100.0132	   76.8285
   3.144	  100.0066	   76.8748
   3.146	  100.0065	   76.9053
   3.148	  100.0279	   76.8856
   3.150	  100.0663	   76.8649
   3.152	  100.0746	   76.8038
   3.154	  100.0535	   76.7969
   3.156	  100.0602	   76.7840
   3.158	  100.0398	   76.7684
   3.160	  100.0531	   76.7378
   3.162	  100.0455	   76.7297
   3.164	  100.0087	   76.7529
   3.166	   99.9937	   76.7799
   3.168	   99.9965	   76.7938
   3.170	  100.0818	   76.7827
   3.172	  100.1149	   76.7811
   3.174	  100.1078	   76.7545
   3.176	  100.0702	   76.7375
   3.178	  100.0782	   76.6690
   3.180	  100.0882	   76.6328
   3.182	  100.0384	   76.6475
   3.184	   99.9883	   76.6500
   3.186	   99.9864	   76.6514
   3.188	  100.0024	   76.6470
   3.190	  100.0355	   76.6636
   3.192	  100.1058	   76.6872
   3.194	  100.1145	   76.6712
   3.196	  100.1085	   76.6615
   3.198	  100.0861	   76.5817
   3.200	  100.0687	   76.5541
   3.202	  100.0156	   76.5651
   3.204	   99.9683	   76.5906
   3.206	   99.9628	   76.5909
   3.208	  100.0080	   76.5618
   3.210	  100.0388	   76.5650
   3.212	  100.0437	   76.5708
   3.214	  100.0505	   76.5842
   3.216	  100.0811	   76.5744
   3.218	  100.0552	   76.5642
   3.220	  100.0170	   76.5286
   3.222	   99.9715	   76.5537
   3.224	   99.9967	   76.5272
   3.226	   99.9791	   76.5064
   3.228	   99.9940	   76.4915
   3.230	  100.0139	   76.4338
   3.232	  100.0144	   76.4630
   3.234	  100.0045	   76.4766
   3.236	  100.0227	   76.4962
   3.238	  100.0599	   76.4709
   3.240	  100.0285	   76.4919
   3.242	  100.0136	   76.5147
   3.244	  100.0143	   76.4852
   3.246	  100.0205	   76.3913
   3.248	  100.0269	   76.3742
   3.250	   99.9992	   76.3633
   3.252	   99.9748	   76.4222
   3.254	   99.9869	   76.3794
   3.256	  100.0145	   76.3778
   3.258	  100.0083	   76.3643
   3.260	  100.0172	   76.3859
   3.262	   99.9964	   76.4002
   3.264	  100.0045	   76.3823
   3.266	  100.0167	   76.3346
   3.268	  100.0192	   76.2963
   3.270	  100.0047	   76.2759
   3.272	   99.9937	   76.2874
   3.274	   99.9906	   76.2789
   3.276	  100.0133	   76.2359
   3.278	  100.0202	   76.2527
   3.280	   99.9920	   76.2851
   3.282	  100.0211	   76.3133
   3.284	  100.0108	   76.3130
   3.286	  100.0071	   76.2490
   3.288	  100.0146	   76.2163
   3.290	   99.9959	   76.2061
   3.292	   99.9756	   76.1985
   3.294	   99.9650	   76.1855
   3.296	   99.9829	   76.1628
   3.298	  100.0011	   76.1282
   3.300	   99.9769	   76.1717
   3.302	   99.9662	   76.2100
   3.304	   99.9875	   76.1968
   3.306	  100.0064	   76.1736
   3.308	   99.9900	   76.1548
   3.310	   99.9786	   76.1548
   3.312	   99.9630	   76.1341
   3.314	   99.9767	   76.0843
   3.316	   99.9724	   76.0575
   3.318	   99.9667	   76.0525
   3.320	   99.9647	   76.0658
   3.322	   99.9642	   76.0999
   3.324	   99.9851	   76.0977
   3.326	  100.0180	   76.0793
   3.328	   99.9974	   76.0841
   3.330	   99.9556	   76.0748
   3.332	   99.9438	   76.0620
   3.334	   99.9792	   76.0032
   3.336	   99.9673	   75.9774
   3.338	   99.9420	   75.9993
   3.340	   99.9243	   75.9913
   3.342	   99.9415	   75.9784
   3.344	   99.9450	   75.9989
   3.346	   99.9962	   75.9926
   3.348	   99.9710	   76.0057
   3.350	   99.9114	   76.0120
   3.352	   99.9068	   75.9843
   3.354	   99.9294	   75.9141
   3.356	   99.9391	   75.8957
   3.358	   99.9131	   75.9066
   3.360	   99.8829	   75.9041
   3.362	   99.9051	   75.8682
   3.364	   99.9182	   75.8810
   3.366	   99.9144	   75.8796
   3.368	   99.9311	   75.9006
   3.370	   99.8958	   75.9196
   3.372	   99.9002	   75.8926
   3.374	   99.9101	   75.8541
   3.376	   99.9051	   75.8094
   3.378	   99.8731	   75.8274
   3.380	   99.8447	   75.8133
   3.382	   99.8936	   75.7643
   3.384	   99.9084	   75.7451
   3.386	   99.9050	   75.7783
   3.388	   99.9195	   75.8066
   3.390	   99.9005	   75.8219
   3.392	   99.9029	   75.8237
   3.394	   99.8808	   75.7734
   3.396	   99.8620	   75.7329
   3.398	   99.8175	   75.7467
   3.400	   99.8031	   75.6948
   3.402	   99.8392	   75.6559
   3.404	   99.8514	   75.6594
   3.406	   99.8631	   75.6963
   3.408	   99.8683	   75.7520
   3.410	   99.8428	   75.7752
   3.412	   99.8603	   75.7476
   3.414	   99.8430	   75.7113
   3.416	   99.8033	   75.6925
   3.418	   99.7642	   75.6677
   3.420	   99.7556	   75.6377
   3.422	   99.7564	   75.6145
   3.424	   99.7756	   75.5840
   3.426	   99.7689	   75.6113
   3.428	   99.7560	   75.6536
   3.430	   99.7639	   75.6676
   3.432	   99.8007	   75.6682
   3.434	   99.8049	   75.6504
   3.436	   99.7650	   75.6507
   3.438	   99.7357	   75.6141
   3.440	   99.7024	   75.5592
   3.442	   99.7144	   75.5169
   3.444	   99.7037	   75.5126
   3.446	   99.6869	   75.5391
   3.448	   99.6751	   75.5618
   3.450	   99.7074	   75.5690
   3.452	   99.7495	   75.5460
   3.454	   99.7429	   75.5734
   3.456	   99.7006	   75.5855
   3.458	   99.6898	   75.5594
   3.460	   99.6766	   75.4980
   3.462	   99.6667	   75.4605
   3.464	   99.6463	   75.4505
   3.466	   99.6421	   75.4520
   3.468	   99.6361	   75.4647
   3.470	   99.6525	   75.4694
   3.472	   99.6674	   75.4759
   3.474	   99.6700	   75.4929
   3.476	   99.6286	   75.5263
   3.478	   99.6283	   75.5101
   3.480	   99.6259	   75.4491
   3.482	   99.6190	   75.4011
   3.484	   99.5984	   75.3806
   3.486	   99.5720	   75.3918
   3.488	   99.5757	   75.3883
   3.490	   99.6062	   75.3876
   3.492	   99.6175	   75.3804
   3.494	   99.6344	   75.4124
   3.496	   99.6225	   75.4204
   3.498	   99.6163	   75.4202
   3.500	   99.5942	   75.3887
   3.502	   99.5924	   75.3435
   3.504	   99.5685	   75.3389
   3.506	   99.5378	   75.3088
   3.508	   99.5387	   75.2812
   3.510	   99.5543	   75.2678
   3.512	   99.5669	   75.2766
   3.514	   99.5578	   75.3111
   3.516	   99.5775	   75.3275
   3.518	   99.5824	   75.3175
   3.520	   99.5707	   75.3139
   3.522	   99.5628	   75.2978
   3.524	   99.5337	   75.2978
   3.526	   99.5257	   75.2420
   3.528	   99.5270	   75.2055
   3.530	   99.5167	   75.1693
   3.532	   99.5310	   75.1611
   3.534	   99.5229	   75.2063
   3.536	   99.5267	   75.2448
   3.538	   99.5548	   75.2459
   3.540	   99.5529	   75.2064
   3.542	   99.5621	   75.1976
   3.544	   99.5379	   75.2086
   3.546	   99.5194	   75.1831
   3.548	   99.5159	   75.1082
   3.550	   99.5083	   75.0849
   3.552	   99.4968	   75.0659
   3.554	   99.4824	   75.0786
   3.556	   99.4999	   75.1079
   3.558	   99.5089	   75.1308
   3.560	   99.5388	   75.1161
   3.562	   99.5362	   75.1295
   3.564	   99.5118	   75.1309
   3.566	   99.5013	   75.0817
   3.568	   99.4948	   75.0334
   3.570	   99.4832	   75.0081
   3.572	   99.4579	   74.9965
   3.574	   99.4518	   75.0248
   3.576	   99.4563	   74.9773
   3.578	   99.4853	   74.9853
   3.580	   99.4758	   74.9990
   3.582	   99.4831	   75.0486
   3.584	   99.4662	   75.0575
   3.586	   99.4641	   75.0380
   3.588	   99.4753	   74.9763
   3.590	   99.4572	   74.9315
   3.592	   99.4135	   74.9395
   3.594	   99.3919	   74.9245
   3.596	   99.3893	   74.9300
   3.598	   99.4034	   74.9172
   3.600	   99.4094	   74.9264
   3.602	   99.3845	   74.9760
   3.604	   99.3917	   74.9757
   3.606	   99.4465	   74.9336
   3.608	   99.4604	   74.9030
   3.610	   99.4347	   74.9151
   3.612	   99.3792	   74.8809
   3.614	   99.3540	   74.8590
   3.616	   99.3320	   74.8653
   3.618	   99.3288	   74.8692
   3.620	   99.3298	   74.8881
   3.622	   99.3318	   74.8854
   3.624	   99.3445	   74.8894
   3.626	   99.3999	   74.8512
   3.628	   99.4202	   74.8241
   3.630	   99.3727	   74.8506
   3.632	   99.3095	   74.8693
   3.634	   99.2807	   74.8608
   3.636	   99.2646	   74.8229
   3.638	   99.2660	   74.8063
   3.640	   99.2544	   74.7942
   3.642	   99.2425	   74.7976
   3.644	   99.2635	   74.7746
   3.646	   99.2729	   74.7755
   3.648	   99.3052	   74.7614
   3.650	   99.3129	   74.8075
   3.652	   99.2867	   74.8349
   3.654	   99.2432	   74.8219
   3.656	   99.2421	   74.7685
   3.658	   99.2373	   74.7445
   3.660	   99.2088	   74.7477
   3.662	   99.1791	   74.7367
   3.664	   99.1841	   74.6985
   3.666	   99.2133	   74.7057
   3.668	   99.2183	   74.7227
   3.670	   99.2186	   74.7676
   3.672	   99.2217	   74.7703
   3.674	   99.2164	   74.7507
   3.676	   99.2143	   74.7157
   3.678	   99.2047	   74.6882
   3.680	   99.1557	   74.6797
   3.682	   99.1328	   74.6443
   3.684	   99.1273	   74.6049
   3.686	   99.1529	   74.5760
   3.688	   99.1524	   74.6045
   3.690	   99.1434	   74.6535
   3.692	   99.1745	   74.6825
   3.694	   99.1956	   74.6729
   3.696	   99.2019	   74.6535
   3.698	   99.1623	   74.6584
   3.700	   99.1147	   74.6457
   3.702	   99.0715	   74.6127
   3.704	   99.0723	   74.5626
   3.706	   99.0578	   74.5570
   3.708	   99.0440	   74.5798
   3.710	   99.0262	   74.5933
   3.712	   99.0350	   74.5833
   3.714	   99.0781	   74.5680
   3.716	   99.0850	   74.5926
   3.718	   99.0883	   74.5940
   3.720	   99.0773	   74.6089
   3.722	   99.0562	   74.5646
   3.724	   99.0422	   74.5139
   3.726	   99.0096	   74.5019
   3.728	   98.9768	   74.5132
   3.730	   98.9308	   74.5466
   3.732	   98.9432	   74.5367
   3.734	   98.9459	   74.5255
   3.736	   98.9678	   74.5255
   3.738	   98.9711	   74.5089
   3.740	   98.9983	   74.4946
   3.742	   99.0342	   74.4783
   3.744	   99.0138	   74.4761
   3.746	   98.9645	   74.4844
   3.748	   98.9065	   74.5045
   3.750	   98.8800	   74.5195
   3.752	   98.8839	   74.4911
   3.754	   98.9034	   74.4624
   3.756	   98.9007	   74.4251
   3.758	   98.8859	   74.4201
   3.760	   98.9040	   74.4237
   3.762	   98.9163	   74.4123
   3.764	   98.9344	   74.4000
   3.766	   98.9021	   74.4362
   3.768	   98.8712	   74.4891
   3.770	   98.8493	   74.4662
   3.772	   98.8443	   74.4225
   3.774	   98.8259	   74.3828
   3.776	   98.7995	   74.3944
   3.778	   98.7763	   74.4004
   3.780	   98.7844	   74.3558
   3.782	   98.8278	   74.3542
   3.784	   98.8592	   74.3569
   3.786	   98.8435	   74.4076
   3.788	   98.8171	   74.4402
   3.790	   98.8138	   74.4164
   3.792	   98.8218	   74.3799
   3.794	   98.7874	   74.3224
   3.796	   98.7496	   74.3230
   3.798	   98.7165	   74.3212
   3.800	   98.7096	   74.3155
   3.802	   98.7339	   74.2772
   3.804	   98.7391	   74.2631
   3.806	   98.7548	   74.2904
   3.808	   98.7495	   74.3268
   3.810	   98.7558	   74.3345
   3.812	   98.7585	   74.3231
   3.814	   98.7345	   74.3116
   3.816	   98.6894	   74.3024
   3.818	   98.6629	   74.2646
   3.820	   98.6592	   74.2371
   3.822	   98.6765	   74.2258
   3.824	   98.6715	   74.2421
   3.826	   98.6323	   74.2440
   3.828	   98.6397	   74.2368
   3.830	   98.6757	   74.2237
   3.832	   98.6956	   74.2345
   3.834	   98.6874	   74.2846
   3.836	   98.6600	   74.3070
   3.838	   98.6420	   74.2690
   3.840	   98.6410	   74.2171
   3.842	   98.6228	   74.1651
   3.844	   98.5883	   74.1665
   3.846	   98.5636	   74.1654
   3.848	   98.5682	   74.1681
   3.850	   98.5900	   74.1472
   3.852	   98.6210	   74.1529
   3.854	   98.6337	   74.1950
   3.856	   98.6102	   74.2170
   3.858	   98.6028	   74.2182
   3.860	   98.5978	   74.1860
   3.862	   98.5629	   74.1279
   3.864	   98.5188	   74.1164
   3.866	   98.5001	   74.0905
   3.868	   98.4824	   74.0767
   3.870	   98.4973	   74.0390
   3.872	   98.5179	   74.0722
   3.874	   98.5282	   74.1194
   3.876	   98.5397	   74.1413
   3.878	   98.5219	   74.1170
   3.880	   98.5300	   74.1028
   3.882	   98.4937	   74.0895
   3.884	   98.4495	   74.1026
   3.886	   98.4246	   74.0763
   3.888	   98.4273	   74.0454
   3.890	   98.4344	   73.9899
   3.892	   98.4192	   74.0134
   3.894	   98.4064	   74.0447
   3.896	   98.4162	   74.0582
   3.898	   98.4475	   74.0555
   3.900	   98.4866	   74.0403
   3.902	   98.4709	   74.0418
   3.904	   98.4102	   74.0437
   3.906	   98.3752	   74.0169
   3.908	   98.3621	   73.9980
   3.910	   98.3457	   73.9829
   3.912	   98.3040	   74.0029
   3.914	   98.2902	   74.0066
   3.916	   98.2911	   73.9896
   3.918	   98.3400	   74.0021
   3.920	   98.3740	   73.9935
   3.922	   98.3833	   73.9641
   3.924	   98.3626	   73.9766
   3.926	   98.3388	   73.9438
   3.928	   98.3055	   73.9351
   3.930	   98.2626	   73.9704
   3.932	   98.2053	   73.9963
   3.934	   98.1916	   74.0174
   3.936	   98.2083	   73.9819
   3.938	   98.2466	   73.9054
   3.940	   98.2600	   73.8961
   3.942	   98.2666	   73.9196
   3.944	   98.2457	   73.9206
   3.946	   98.2632	   73.9416
   3.948	   98.2317	   73.9367
   3.950	   98.2017	   73.9700
   3.952	   98.1462	   73.9791
   3.954	   98.1179	   73.9713
   3.956	   98.1323	   73.9317
   3.958	   98.1377	   73.8850
   3.960	   98.1364	   73.8728
   3.962	   98.1425	   73.8847
   3.964	   98.1598	   73.8998
   3.966	   98.1952	   73.9186
   3.968	   98.1907	   73.9262
   3.970	   98.1575	   73.9345
   3.972	   98.0959	   73.9233
   3.974	   98.0677	   73.8939
   3.976	   98.0679	   73.8712
   3.978	   98.0699	   73.8839
   3.980	   98.0443	   73.8767
   3.982	   98.0340	   73.8910
   3.984	   98.0550	   73.8828
   3.986	   98.0851	   73.8467
   3.988	   98.1001	   73.8720
   3.990	   98.0771	   73.8878
   3.992	   98.0293	   73.8742
   3.994	   98.0313	   73.8564
   3.996	   98.0144	   73.8179
   3.998	   97.9769	   73.7965
   4.000	   97.9574	   73.8095
   4.002	   97.9497	   73.8235
   4.004	   97.9858	   73.8104
   4.006	   98.0267	   73.8168
   4.008	   98.0155	   73.8261
   4.010	   97.9945	   73.8375
   4.012	   97.9618	   73.8376
   4.014	   97.9610	   73.8041
   4.016	   97.9285	   73.7724
   4.018	   97.8948	   73.7732
   4.020	   97.8769	   73.7798
   4.022	   97.8649	   73.7639
   4.024	   97.9059	   73.7484
   4.026	   97.9325	   73.7493
   4.028	   97.9266	   73.7711
   4.030	   97.9148	   73.8146
   4.032	   97.9036	   73.7914
   4.034	   97.9136	   73.7642
   4.036	   97.8875	   73.7481
   4.038	   97.8264	   73.7452
   4.040	   97.7799	   73.7576
   4.042	   97.8062	   73.7170
   4.044	   97.8247	   73.7047
   4.046	   97.8363	   73.7062
   4.048	   97.8460	   73.7349
   4.050	   97.8292	   73.7526
   4.052	   97.8490	   73.7520
   4.054	   97.8490	   73.7020
   4.056	   97.8101	   73.6867
   4.058	   97.7655	   73.6937
   4.060	   97.7294	   73.6978
   4.062	   97.7290	   73.6755
   4.064	   97.7363	   73.6463
   4.066	   97.7507	   73.6545
   4.068	   97.7435	   73.6948
   4.070	   97.7409	   73.7090
   4.072	   97.7882	   73.6787
   4.074	   97.7961	   73.6399
   4.076	   97.7533	   73.6552
   4.078	   97.6836	   73.6616
   4.080	   97.6544	   73.6584
   4.082	   97.6490	   73.6295
   4.084	   97.6334	   73.6284
   4.086	   97.6137	   73.6505
   4.088	   97.6012	   73.6596
   4.090	   97.6381	   73.6424
   4.092	   97.6882	   73.5913
   4.094	   97.7187	   73.5646
   4.096	   97.6951	   73.5754
   4.098	   97.6258	   73.6273
   4.100	   97.6092	   73.6363
   4.102	   97.6125	   73.6461
   4.104	   97.5918	   73.6239
   4.106	   97.5569	   73.6138
   4.108	   97.5407	   73.6017
   4.110	   97.5623	   73.5671
   4.112	   97.6047	   73.5398
   4.114	   97.6246	   73.5525
   4.116	   97.6030	   73.5723
   4.118	   97.5918	   73.6171
   4.120	   97.5699	   73.6358
   4.122	   97.5537	   73.6175
   4.124	   97.5196	   73.5765
   4.126	   97.4782	   73.5736
   4.128	   97.4565	   73.5548
   4.130	   97.4677	   73.5219
   4.132	   97.4930	   73.4818
   4.134	   97.5072	   73.5057
   4.136	   97.5073	   73.5439
   4.138	   97.5023	   73.5635
   4.140	   97.5217	   73.5741
   4.142	   97.5170	   73.5647
   4.144	   97.4813	   73.5577
   4.146	   97.4345	   73.5567
   4.148	   97.3826	   73.5367
   4.150	   97.3950	   73.5126
   4.152	   97.3953	   73.4779
   4.154	   97.3857	   73.4820
   4.156	   97.3671	   73.5136
   4.158	   97.3968	   73.5246
   4.160	   97.4306	   73.5104
   4.162	   97.4328	   73.5149
   4.164	   97.4301	   73.5104
   4.166	   97.3784	   73.5201
   4.168	   97.3598	   73.4894
   4.170	   97.3462	   73.4581
   4.172	   97.3149	   73.4330
   4.174	   97.2901	   73.4428
   4.176	   97.2824	   73.4479
   4.178	   97.2949	   73.4676
   4.180	   97.3536	   73.4603
   4.182	   97.3704	   73.4634
   4.184	   97.3616	   73.4784
   4.186	   97.3389	   73.4803
   4.188	   97.3351	   73.4775
   4.190	   97.3008	   73.4547
   4.192	   97.2444	   73.4341
   4.194	   97.1961	   73.4467
   4.196	   97.1894	   73.4464
   4.198	   97.1978	   73.4214
   4.200	   97.2292	   73.4097
   4.202	   97.2364	   73.4230
   4.204	   97.2419	   73.4579
   4.206	   97.2299	   73.4711
   4.208	   97.2483	   73.4441
   4.210	   97.2375	   73.4255
   4.212	   97.1771	   73.4088
   4.214	   97.1159	   73.4326
   4.216	   97.1010	   73.4241
   4.218	   97.1007	   73.3885
   4.220	   97.1321	   73.3733
   4.222	   97.1483	   73.3958
   4.224	   97.1603	   73.4152
   4.226	   97.1667	   73.4338
   4.228	   97.1861	   73.4299
   4.230	   97.1471	   73.4002
   4.232	   97.0971	   73.3967
   4.234	   97.0379	   73.4012
   4.236	   97.0129	   73.3961
   4.238	   97.0270	   73.3685
   4.240	   97.0543	   73.3590
   4.242	   97.0760	   73.3780
   4.244	   97.0663	   73.3944
   4.246	   97.0893	   73.4004
   4.248	   97.0810	   73.3811
   4.250	   97.0385	   73.3821
   4.252	   96.9802	   73.3967
   4.254	   96.9238	   73.3918
   4.256	   96.9150	   73.3735
   4.258	   96.9250	   73.3259
   4.260	   96.9529	   73.3303
   4.262	   96.9778	   73.3648
   4.264	   96.9731	   73.3733
   4.266	   96.9882	   73.3799
   4.268	   96.9861	   73.3837
   4.270	   96.9462	   73.3624
   4.272	   96.8883	   73.3734
   4.274	   96.8441	   73.3761
   4.276	   96.8080	   73.3650
   4.278	   96.8095	   73.3328
   4.280	   96.8042	   73.3236
   4.282	   96.8214	   73.3546
   4.284	   96.8554	   73.3625
   4.286	   96.8694	   73.3674
   4.288	   96.8921	   73.3646
   4.290	   96.8601	   73.3666
   4.292	   96.8161	   73.3636
   4.294	   96.7813	   73.3626
   4.296	   96.7597	   73.3323
   4.298	   96.7373	   73.3090
   4.300	   96.7353	   73.2963
   4.302	   96.7247	   73.3139
   4.304	   96.7432	   73.3307
   4.306	   96.7687	   73.3189
   4.308	   96.7859	   73.3177
   4.310	   96.7861	   73.3531
   4.312	   96.7578	   73.3704
   4.314	   96.7257	   73.3617
   4.316	   96.6902	   73.3227
   4.318	   96.6707	   73.3043
   4.320	   96.6563	   73.3049
   4.322	   96.6194	   73.3296
   4.324	   96.6158	   73.3306
   4.326	   96.6593	   73.3195
   4.328	   96.6774	   73.3247
   4.330	   96.6872	   73.3318
   4.332	   96.6866	   73.3280
   4.334	   96.6744	   73.3177
   4.336	   96.6580	   73.3023
   4.338	   96.6137	   73.2875
   4.340	   96.5603	   73.3126
   4.342	   96.5085	   73.3247
   4.344	   96.5280	   73.3322
   4.346	   96.5279	   73.3274
   4.348	   96.5404	   73.3138
   4.350	   96.5341	   73.2930
   4.352	   96.5481	   73.2938
   4.354	   96.5577	   73.2714
   4.356	   96.5737	   73.2469
   4.358	   96.5628	   73.2763
   4.360	   96.5400	   73.3271
   4.362	   96.4881	   73.3647
   4.364	   96.4710	   73.3566
   4.366	   96.4786	   73.3079
   4.368	   96.4580	   73.2949
   4.370	   96.4247	   73.2701
   4.372	   96.4439	   73.2634
   4.374	   96.4691	   73.2523
   4.376	   96.5007	   73.2505
   4.378	   96.5018	   73.2872
   4.380	   96.4543	   73.3313
   4.382	   96.4280	   73.3292
   4.384	   96.4022	   73.2816
   4.386	   96.3824	   73.2845
   4.388	   96.3561	   73.2953
   4.390	   96.3272	   73.2762
   4.392	   96.3337	   73.2624
   4.394	   96.3666	   73.2567
   4.396	   96.4000	   73.2456
   4.398	   96.4059	   73.2677
   4.400	   96.3893	   73.2903
   4.402	   96.3764	   73.2926
   4.404	   96.3474	   73.2687
   4.406	   96.3209	   73.2620
   4.408	   96.2670	   73.2910
   4.410	   96.2476	   73.3038
   4.412	   96.2541	   73.2731
   4.414	   96.2518	   73.2338
   4.416	   96.2599	   73.2383
   4.418	   96.2681	   73.2529
   4.420	   96.2866	   73.2684
   4.422	   96.2904	   73.2905
   4.424	   96.3023	   73.2905
   4.426	   96.2568	   73.2840
   4.428	   96.1980	   73.2780
   4.430	   96.1562	   73.2876
   4.432	   96.1491	   73.2753
   4.434	   96.1558	   73.2525
   4.436	   96.1436	   73.2511
   4.438	   96.1378	   73.2775
   4.440	   96.1628	   73.2784
   4.442	   96.1909	   73.2604
   4.444	   96.2049	   73.2393
   4.446	   96.2059	   73.2510
   4.448	   96.1653	   73.2687
   4.450	   96.1315	   73.2736
   4.452	   96.0934	   73.2674
   4.454	   96.0832	   73.2542
   4.456	   96.0520	   73.2868
   4.458	   96.0261	   73.3405
   4.460	   96.0308	   73.3404
   4.462	   96.0611	   73.2937
   4.464	   96.0826	   73.2704
   4.466	   96.0791	   73.2665
   4.468	   96.0561	   73.2596
   4.470	   96.0646	   73.2676
   4.472	   96.0470	   73.2795
   4.474	   96.0233	   73.3287
   4.476	   95.9913	   73.3686
   4.478	   95.9755	   73.3914
   4.480	   95.9650	   73.3798
   4.482	   95.9738	   73.3104
   4.484	   95.9760	   73.2925
   4.486	   95.9528	   73.3050
   4.488	   95.9563	   73.3060
   4.490	   95.9680	   73.2905
   4.492	   96.0145	   73.3022
   4.494	   95.9747	   73.3578
   4.496	   95.9262	   73.3863
   4.498	   95.9030	   73.3730
   4.500	   95.8974	   73.3573
   4.502	   95.8768	   73.3518
   4.504	   95.8572	   73.3465
   4.506	   95.8316	   73.3517
   4.508	   95.8303	   73.3580
   4.510	   95.8617	   73.3287
   4.512	   95.9115	   73.3149
   4.514	   95.8923	   73.3460
   4.516	   95.8687	   73.3759
   4.518	   95.8332	   73.3673
   4.520	   95.8019	   73.3527
   4.522	   95.7973	   73.3473
   4.524	   95.7489	   73.3530
   4.526	   95.7306	   73.3453
   4.528	   95.7108	   73.3624
   4.530	   95.7765	   73.3463
   4.532	   95.7925	   73.3375
   4.534	   95.7882	   73.3647
   4.536	   95.7844	   73.3763
   4.538	   95.7727	   73.3578
   4.540	   95.7577	   73.3317
   4.542	   95.7144	   73.3306
   4.544	   95.6917	   73.3668
   4.546	   95.6404	   73.3830
   4.548	   95.6594	   73.3699
   4.550	   95.6480	   73.3340
   4.552	   95.6171	   73.3365
   4.554	   95.6489	   73.3668
   4.556	   95.6781	   73.3662
   4.558	   95.6897	   73.3710
   4.560	   95.7063	   73.3428
   4.562	   95.6811	   73.3486
   4.564	   95.6311	   73.3738
   4.566	   95.5861	   73.3767
   4.568	   95.5776	   73.3699
   4.570	   95.6078	   73.3662
   4.572	   95.5848	   73.3785
   4.574	   95.5291	   73.3948
   4.576	   95.5321	   73.3836
   4.578	   95.5523	   73.3702
   4.580	   95.6054	   73.3531
   4.582	   95.5839	   73.3504
   4.584	   95.5586	   73.3584
   4.586	   95.5419	   73.3722
   4.588	   95.5109	   73.3623
   4.590	   95.4935	   73.3633
   4.592	   95.4657	   73.3928
   4.594	   95.4223	   73.4220
   4.596	   95.4236	   73.4290
   4.598	   95.4619	   73.3727
   4.600	   95.4972	   73.3885
   4.602	   95.4803	   73.3767
   4.604	   95.4707	   73.3503
   4.606	   95.4647	   73.3727
   4.608	   95.4705	   73.3720
   4.610	   95.4369	   73.3946
   4.612	   95.3972	   73.4143
   4.614	   95.3719	   73.4436
   4.616	   95.3684	   73.4817
   4.618	   95.3787	   73.4805
   4.620	   95.3922	   73.4616
   4.622	   95.3774	   73.4486
   4.624	   95.3981	   73.4005
   4.626	   95.3900	   73.3487
   4.628	   95.3760	   73.3597
   4.630	   95.3667	   73.4064
   4.632	   95.3436	   73.4688
   4.634	   95.3275	   73.5099
   4.636	   95.3073	   73.5102
   4.638	   95.3115	   73.4981
   4.640	   95.3069	   73.4775
   4.642	   95.2608	   73.4667
   4.644	   95.2626	   73.4301
   4.646	   95.2842	   73.4155
   4.648	   95.2962	   73.3932
   4.650	   95.3224	   73.3933
   4.652	   95.3204	   73.4270
   4.654	   95.3128	   73.4985
   4.656	   95.2832	   73.5102
   4.658	   95.2529	   73.4910
   4.660	   95.2288	   73.5196
   4.662	   95.1768	   73.5234
   4.664	   95.1767	   73.5015
   4.666	   95.1580	   73.4741
   4.668	   95.1709	   73.4759
   4.670	   95.1735	   73.4817
   4.672	   95.2138	   73.4825
   4.674	   95.2036	   73.4886
   4.676	   95.2274	   73.4614
   4.678	   95.1977	   73.4730
   4.680	   95.1315	   73.4991
   4.682	   95.0886	   73.5114
   4.684	   95.0756	   73.5028
   4.686	   95.0919	   73.4961
   4.688	   95.0916	   73.4776
   4.690	   95.0362	   73.5055
   4.692	   95.0378	   73.5193
   4.694	   95.1017	   73.4920
   4.696	   95.1235	   73.5041
   4.698	   95.1312	   73.4994
   4.700	   95.1285	   73.5028
   4.702	   95.0624	   73.5209
   4.704	   95.0512	   73.5059
   4.706	   95.0150	   73.5108
   4.708	   94.9943	   73.5235
   4.710	   94.9755	   73.5343
   4.712	   94.9825	   73.5485
   4.714	   94.9716	   73.5236
   4.716	   94.9660	   73.5166
   4.718	   94.9930	   73.5110
   4.720	   95.0098	   73.5263
   4.722	   95.0182	   73.5412
   4.724	   95.0189	   73.5288
   4.726	   95.0006	   73.5310
   4.728	   94.9606	   73.5366
   4.730	   94.9086	   73.5568
   4.732	   94.8725	   73.5722
   4.734	   94.8655	   73.5517
   4.736	   94.8848	   73.5260
   4.738	   94.8409	   73.5368
   4.740	   94.8291	   73.5544
   4.742	   94.8799	   73.5416
   4.744	   94.9158	   73.5397
   4.746	   94.9100	   73.5482
   4.748	   94.8840	   73.5473
   4.750	   94.8715	   73.5642
   4.752	   94.8389	   73.5678
   4.754	   94.8084	   73.5708
   4.756	   94.7950	   73.5688
   4.758	   94.7498	   73.5738
   4.760	   94.7471	   73.5755
   4.762	   94.7790	   73.5600
   4.764	   94.8198	   73.5293
   4.766	   94.8293	   73.5464
   4.768	   94.8197	   73.5681
   4.770	   94.8110	   73.5458
   4.772	   94.7844	   73.5509
   4.774	   94.7594	   73.5798
   4.776	   94.7243	   73.6079
   4.778	   94.6350	   73.6414
   4.780	   94.6351	   73.6491
   4.782	   94.6669	   73.6121
   4.784	   94.6820	   73.5932
