Time[sec]	 X[micron]	 Y[micron]
   0.000	   98.5539	   64.4702
   0.002	   98.4872	   64.4649
   0.004	   98.5537	   64.4762
   0.006	   98.5913	   64.4808
   0.008	   98.6074	   64.4802
   0.010	   98.6004	   64.4844
   0.012	   98.5908	   64.4508
   0.014	   98.5789	   64.4268
   0.016	   98.5259	   64.4067
   0.018	   98.5501	   64.4111
   0.020	   98.5343	   64.4355
   0.022	   98.5675	   64.4357
   0.024	   98.6168	   64.4207
   0.026	   98.6354	   64.4017
   0.028	   98.5987	   64.3898
   0.030	   98.5259	   64.3611
   0.032	   98.5619	   64.3482
   0.034	   98.5695	   64.3320
   0.036	   98.5694	   64.3637
   0.038	   98.5627	   64.4124
   0.040	   98.5770	   64.4254
   0.042	   98.5941	   64.3713
   0.044	   98.6173	   64.3012
   0.046	   98.6057	   64.2592
   0.048	   98.5753	   64.2878
   0.050	   98.5546	   64.3118
   0.052	   98.5624	   64.3227
   0.054	   98.6016	   64.3200
   0.056	   98.6130	   64.3126
   0.058	   98.5981	   64.3078
   0.060	   98.5768	   64.2717
   0.062	   98.5949	   64.2060
   0.064	   98.6065	   64.1839
   0.066	   98.5958	   64.1912
   0.068	   98.5673	   64.2435
   0.070	   98.4897	   64.2631
   0.072	   98.6131	   64.2612
   0.074	   98.6290	   64.2262
   0.076	   98.6076	   64.2064
   0.078	   98.5730	   64.1737
   0.080	   98.5710	   64.1304
   0.082	   98.5971	   64.0936
   0.084	   98.5391	   64.1100
   0.086	   98.6013	   64.1700
   0.088	   98.5832	   64.2093
   0.090	   98.5007	   64.1979
   0.092	   98.5242	   64.1508
   0.094	   98.5164	   64.0816
   0.096	   98.5427	   64.0577
   0.098	   98.5763	   64.0688
   0.100	   98.5930	   64.0793
   0.102	   98.6281	   64.0891
   0.104	   98.6358	   64.0930
   0.106	   98.5203	   64.1098
   0.108	   98.4834	   64.1030
   0.110	   98.4944	   64.0561
   0.112	   98.6082	   64.0164
   0.114	   98.5557	   63.9805
   0.116	   98.6104	   64.0168
   0.118	   98.6144	   64.0303
   0.120	   98.6281	   64.0456
   0.122	   98.6229	   64.0388
   0.124	   98.5962	   64.0229
   0.126	   98.4812	   64.0123
   0.128	   98.4788	   63.9887
   0.130	   98.5207	   63.9615
   0.132	   98.5797	   63.9474
   0.134	   98.6208	   63.9612
   0.136	   98.6182	   63.9879
   0.138	   98.5971	   63.9800
   0.140	   98.5902	   63.9627
   0.142	   98.5845	   63.9274
   0.144	   98.4753	   63.9115
   0.146	   98.4846	   63.9405
   0.148	   98.5300	   63.9468
   0.150	   98.6314	   63.9305
   0.152	   98.6395	   63.8931
   0.154	   98.6167	   63.8935
   0.156	   98.5810	   63.8929
   0.158	   98.5734	   63.8861
   0.160	   98.4795	   63.8519
   0.162	   98.4960	   63.8642
   0.164	   98.5008	   63.8991
   0.166	   98.5238	   63.9049
   0.168	   98.6082	   63.8872
   0.170	   98.6144	   63.8254
   0.172	   98.6019	   63.7953
   0.174	   98.5760	   63.7783
   0.176	   98.5614	   63.7924
   0.178	   98.5438	   63.7838
   0.180	   98.4786	   63.7876
   0.182	   98.5263	   63.8127
   0.184	   98.5985	   63.8492
   0.186	   98.5908	   63.8251
   0.188	   98.5858	   63.7570
   0.190	   98.5715	   63.6773
   0.192	   98.4996	   63.6629
   0.194	   98.4952	   63.6737
   0.196	   98.4675	   63.7156
   0.198	   98.4873	   63.7289
   0.200	   98.4951	   63.7363
   0.202	   98.5688	   63.7512
   0.204	   98.5171	   63.7344
   0.206	   98.4636	   63.6887
   0.208	   98.4804	   63.6132
   0.210	   98.4839	   63.5600
   0.212	   98.4762	   63.5613
   0.214	   98.4826	   63.5970
   0.216	   98.4978	   63.6213
   0.218	   98.5884	   63.6348
   0.220	   98.4899	   63.6347
   0.222	   98.4485	   63.6538
   0.224	   98.4265	   63.6553
   0.226	   98.4502	   63.6053
   0.228	   98.4655	   63.5463
   0.230	   98.5387	   63.5212
   0.232	   98.5715	   63.5512
   0.234	   98.5650	   63.5717
   0.236	   98.5528	   63.5687
   0.238	   98.5242	   63.5453
   0.240	   98.4547	   63.5252
   0.242	   98.4961	   63.5282
   0.244	   98.4867	   63.5432
   0.246	   98.4382	   63.5298
   0.248	   98.4816	   63.5073
   0.250	   98.4974	   63.5032
   0.252	   98.4982	   63.4988
   0.254	   98.4287	   63.4783
   0.256	   98.4912	   63.4438
   0.258	   98.4234	   63.4229
   0.260	   98.4235	   63.4257
   0.262	   98.3972	   63.4570
   0.264	   98.4102	   63.4839
   0.266	   98.4400	   63.4785
   0.268	   98.4685	   63.4438
   0.270	   98.4420	   63.4162
   0.272	   98.4179	   63.3996
   0.274	   98.3826	   63.3639
   0.276	   98.3907	   63.3277
   0.278	   98.4916	   63.3153
   0.280	   98.4163	   63.3618
   0.282	   98.3892	   63.4033
   0.284	   98.3838	   63.4222
   0.286	   98.3875	   63.4080
   0.288	   98.4004	   63.3765
   0.290	   98.3841	   63.3272
   0.292	   98.3588	   63.2872
   0.294	   98.3890	   63.2616
   0.296	   98.4805	   63.2620
   0.298	   98.4047	   63.2703
   0.300	   98.3830	   63.2913
   0.302	   98.3387	   63.3206
   0.304	   98.3306	   63.3020
   0.306	   98.3380	   63.2845
   0.308	   98.3611	   63.2644
   0.310	   98.3631	   63.2683
   0.312	   98.3689	   63.2615
   0.314	   98.3815	   63.2408
   0.316	   98.4656	   63.2235
   0.318	   98.3352	   63.1970
   0.320	   98.4083	   63.2111
   0.322	   98.3142	   63.2007
   0.324	   98.3258	   63.2172
   0.326	   98.3271	   63.2210
   0.328	   98.3506	   63.2420
   0.330	   98.3532	   63.2481
   0.332	   98.3568	   63.2348
   0.334	   98.3381	   63.1966
   0.336	   98.3189	   63.1380
   0.338	   98.3910	   63.1150
   0.340	   98.2692	   63.1257
   0.342	   98.3647	   63.1316
   0.344	   98.3006	   63.1476
   0.346	   98.3081	   63.1581
   0.348	   98.3254	   63.1653
   0.350	   98.3245	   63.1588
   0.352	   98.3915	   63.1395
   0.354	   98.2896	   63.0848
   0.356	   98.2928	   63.0473
   0.358	   98.2586	   63.0529
   0.360	   98.2866	   63.0725
   0.362	   98.2848	   63.0965
   0.364	   98.3078	   63.1070
   0.366	   98.3783	   63.0961
   0.368	   98.2956	   63.0986
   0.370	   98.2548	   63.0742
   0.372	   98.2288	   63.0172
   0.374	   98.2310	   62.9654
   0.376	   98.2433	   62.9423
   0.378	   98.3148	   62.9728
   0.380	   98.2569	   63.0132
   0.382	   98.2489	   63.0327
   0.384	   98.2695	   63.0375
   0.386	   98.2383	   63.0465
   0.388	   98.2304	   63.0264
   0.390	   98.2012	   62.9765
   0.392	   98.2214	   62.9127
   0.394	   98.2086	   62.8871
   0.396	   98.3176	   62.9055
   0.398	   98.3166	   62.9502
   0.400	   98.2260	   62.9748
   0.402	   98.2139	   62.9540
   0.404	   98.1918	   62.9438
   0.406	   98.2603	   62.9293
   0.408	   98.2510	   62.9356
   0.410	   98.2532	   62.9202
   0.412	   98.2995	   62.8785
   0.414	   98.2184	   62.8598
   0.416	   98.2948	   62.8687
   0.418	   98.1841	   62.9045
   0.420	   98.1620	   62.9056
   0.422	   98.1705	   62.8743
   0.424	   98.1936	   62.8544
   0.426	   98.2076	   62.8524
   0.428	   98.1992	   62.8589
   0.430	   98.2678	   62.8482
   0.432	   98.2764	   62.8168
   0.434	   98.1700	   62.7964
   0.436	   98.2366	   62.8135
   0.438	   98.1280	   62.8313
   0.440	   98.1502	   62.8256
   0.442	   98.1919	   62.8155
   0.444	   98.2086	   62.7995
   0.446	   98.2682	   62.8062
   0.448	   98.2324	   62.7896
   0.450	   98.1268	   62.7706
   0.452	   98.2206	   62.7435
   0.454	   98.1282	   62.7326
   0.456	   98.1206	   62.7635
   0.458	   98.2218	   62.7780
   0.460	   98.1747	   62.7632
   0.462	   98.1691	   62.7204
   0.464	   98.2391	   62.6923
   0.466	   98.1826	   62.6988
   0.468	   98.0845	   62.7157
   0.470	   98.0817	   62.7070
   0.472	   98.1483	   62.7072
   0.474	   98.2293	   62.6974
   0.476	   98.2230	   62.6960
   0.478	   98.1457	   62.6837
   0.480	   98.1303	   62.6405
   0.482	   98.1126	   62.6142
   0.484	   98.0860	   62.6295
   0.486	   98.0594	   62.6475
   0.488	   98.0579	   62.6594
   0.490	   98.0909	   62.6644
   0.492	   98.1181	   62.6583
   0.494	   98.2008	   62.6473
   0.496	   98.1677	   62.6362
   0.498	   98.1462	   62.5864
   0.500	   98.1441	   62.5298
   0.502	   98.0320	   62.5404
   0.504	   98.1222	   62.5654
   0.506	   98.1137	   62.6074
   0.508	   98.1325	   62.6157
   0.510	   98.1704	   62.5777
   0.512	   98.0777	   62.5615
   0.514	   98.1331	   62.5423
   0.516	   98.0072	   62.5312
   0.518	   98.0881	   62.4960
   0.520	   98.0288	   62.4807
   0.522	   98.0372	   62.5142
   0.524	   98.1159	   62.5493
   0.526	   98.1164	   62.5624
   0.528	   98.1235	   62.5586
   0.530	   98.1129	   62.5205
   0.532	   97.9935	   62.4834
   0.534	   97.9587	   62.4452
   0.536	   98.0427	   62.4006
   0.538	   98.0697	   62.3919
   0.540	   98.0923	   62.3987
   0.542	   98.0129	   62.4436
   0.544	   98.0010	   62.4739
   0.546	   98.0748	   62.4960
   0.548	   97.9840	   62.4596
   0.550	   98.0555	   62.4182
   0.552	   98.0298	   62.3834
   0.554	   98.0043	   62.3853
   0.556	   98.0297	   62.3814
   0.558	   98.0602	   62.3649
   0.560	   98.0687	   62.3720
   0.562	   98.0351	   62.3936
   0.564	   98.0029	   62.4158
   0.566	   97.9893	   62.4001
   0.568	   97.9303	   62.3751
   0.570	   98.0317	   62.3453
   0.572	   97.9799	   62.3464
   0.574	   98.0221	   62.3553
   0.576	   98.0121	   62.3350
   0.578	   98.0091	   62.3017
   0.580	   97.9103	   62.3047
   0.582	   97.9611	   62.3038
   0.584	   97.8900	   62.3174
   0.586	   97.9945	   62.3253
   0.588	   97.9413	   62.3253
   0.590	   97.9285	   62.3085
   0.592	   97.9063	   62.3107
   0.594	   97.8657	   62.2791
   0.596	   97.9526	   62.2419
   0.598	   97.9458	   62.2169
   0.600	   97.8678	   62.2430
   0.602	   97.8617	   62.2857
   0.604	   97.8685	   62.2987
   0.606	   97.9116	   62.2671
   0.608	   97.9957	   62.2193
   0.610	   97.9514	   62.2289
   0.612	   97.8895	   62.2123
   0.614	   97.8628	   62.2069
   0.616	   97.8850	   62.1894
   0.618	   97.8497	   62.1869
   0.620	   97.9016	   62.2014
   0.622	   97.9014	   62.2270
   0.624	   97.8514	   62.2472
   0.626	   97.9468	   62.2191
   0.628	   97.9136	   62.1791
   0.630	   97.7938	   62.1565
   0.632	   97.8263	   62.1179
   0.634	   97.8242	   62.0989
   0.636	   97.8516	   62.0965
   0.638	   97.7985	   62.1354
   0.640	   97.8743	   62.1612
   0.642	   97.8654	   62.1869
   0.644	   97.8623	   62.1618
   0.646	   97.7806	   62.1193
   0.648	   97.8182	   62.0730
   0.650	   97.7754	   62.0528
   0.652	   97.6981	   62.0577
   0.654	   97.7833	   62.0467
   0.656	   97.7358	   62.0682
   0.658	   97.8429	   62.0819
   0.660	   97.7331	   62.1180
   0.662	   97.7943	   62.1221
   0.664	   97.7914	   62.0746
   0.666	   97.7801	   61.9970
   0.668	   97.7720	   61.9698
   0.670	   97.7641	   61.9862
   0.672	   97.7722	   62.0147
   0.674	   97.7857	   62.0168
   0.676	   97.7769	   62.0166
   0.678	   97.7612	   62.0172
   0.680	   97.7317	   62.0163
   0.682	   97.7225	   62.0077
   0.684	   97.7480	   61.9860
   0.686	   97.7805	   61.9690
   0.688	   97.7767	   61.9572
   0.690	   97.6655	   61.9739
   0.692	   97.7106	   61.9490
   0.694	   97.7098	   61.9413
   0.696	   97.6989	   61.9440
   0.698	   97.6823	   61.9582
   0.700	   97.6796	   61.9629
   0.702	   97.7114	   61.9375
   0.704	   97.6542	   61.9245
   0.706	   97.7479	   61.8948
   0.708	   97.7032	   61.8966
   0.710	   97.6666	   61.9078
   0.712	   97.6488	   61.9106
   0.714	   97.6575	   61.8923
   0.716	   97.6567	   61.8912
   0.718	   97.6630	   61.9159
   0.720	   97.6845	   61.9106
   0.722	   97.7024	   61.8830
   0.724	   97.6803	   61.8507
   0.726	   97.6509	   61.8456
   0.728	   97.6106	   61.8490
   0.730	   97.5859	   61.8543
   0.732	   97.5898	   61.8527
   0.734	   97.6100	   61.8650
   0.736	   97.6220	   61.8897
   0.738	   97.6303	   61.8925
   0.740	   97.6265	   61.8694
   0.742	   97.6185	   61.8237
   0.744	   97.5890	   61.7877
   0.746	   97.5595	   61.7760
   0.748	   97.5206	   61.7707
   0.750	   97.5172	   61.7859
   0.752	   97.5556	   61.7845
   0.754	   97.5812	   61.8015
   0.756	   97.5851	   61.8286
   0.758	   97.5670	   61.8639
   0.760	   97.5474	   61.8460
   0.762	   97.5276	   61.7735
   0.764	   97.5140	   61.7217
   0.766	   97.4839	   61.7019
   0.768	   97.4715	   61.7240
   0.770	   97.4980	   61.7358
   0.772	   97.5283	   61.7382
   0.774	   97.5380	   61.7455
   0.776	   97.5081	   61.7714
   0.778	   97.4588	   61.8054
   0.780	   97.4479	   61.7761
   0.782	   97.4658	   61.7228
   0.784	   97.4855	   61.6954
   0.786	   97.4864	   61.6969
   0.788	   97.4611	   61.6886
   0.790	   97.3810	   61.7044
   0.792	   97.4480	   61.6816
   0.794	   97.4440	   61.6797
   0.796	   97.4072	   61.7000
   0.798	   97.4000	   61.7363
   0.800	   97.4313	   61.7317
   0.802	   97.4644	   61.6916
   0.804	   97.4682	   61.6668
   0.806	   97.4281	   61.6660
   0.808	   97.3815	   61.6692
   0.810	   97.3803	   61.6391
   0.812	   97.3818	   61.6316
   0.814	   97.3719	   61.6386
   0.816	   97.3591	   61.6863
   0.818	   97.3689	   61.6993
   0.820	   97.3980	   61.6626
   0.822	   97.4156	   61.6185
   0.824	   97.3854	   61.6123
   0.826	   97.3241	   61.6090
   0.828	   97.2918	   61.6102
   0.830	   97.3068	   61.5861
   0.832	   97.3229	   61.5766
   0.834	   97.3336	   61.6141
   0.836	   97.3213	   61.6479
   0.838	   97.3340	   61.6382
   0.840	   97.3484	   61.6070
   0.842	   97.3284	   61.5709
   0.844	   97.2847	   61.5475
   0.846	   97.2381	   61.5478
   0.848	   97.2327	   61.5374
   0.850	   97.2616	   61.5354
   0.852	   97.2939	   61.5458
   0.854	   97.2935	   61.5745
   0.856	   97.2965	   61.5946
   0.858	   97.2799	   61.5829
   0.860	   97.2715	   61.5428
   0.862	   97.2285	   61.5065
   0.864	   97.1833	   61.4796
   0.866	   97.1615	   61.4736
   0.868	   97.1821	   61.4744
   0.870	   97.2279	   61.4845
   0.872	   97.2491	   61.5010
   0.874	   97.2302	   61.5288
   0.876	   97.2126	   61.5533
   0.878	   97.1973	   61.5206
   0.880	   97.1783	   61.4688
   0.882	   97.1346	   61.4342
   0.884	   97.1254	   61.4330
   0.886	   97.1287	   61.4406
   0.888	   97.1571	   61.4225
   0.890	   97.1851	   61.4170
   0.892	   97.1679	   61.4379
   0.894	   97.1350	   61.4614
   0.896	   97.0961	   61.4773
   0.898	   97.0923	   61.4527
   0.900	   97.1238	   61.4247
   0.902	   97.1264	   61.4266
   0.904	   97.1106	   61.4157
   0.906	   97.0934	   61.3987
   0.908	   97.0870	   61.3812
   0.910	   97.0916	   61.3838
   0.912	   97.0701	   61.3910
   0.914	   97.0370	   61.4153
   0.916	   97.0543	   61.4096
   0.918	   97.0852	   61.3741
   0.920	   97.1048	   61.3579
   0.922	   97.0648	   61.3491
   0.924	   97.0187	   61.3567
   0.926	   97.0023	   61.3464
   0.928	   97.0128	   61.3218
   0.930	   97.0317	   61.3269
   0.932	   97.0221	   61.3650
   0.934	   97.0308	   61.3828
   0.936	   97.0454	   61.3638
   0.938	   97.0471	   61.3217
   0.940	   97.0091	   61.3075
   0.942	   96.9456	   61.3071
   0.944	   96.9152	   61.3178
   0.946	   96.9200	   61.3050
   0.948	   96.9518	   61.2934
   0.950	   96.9685	   61.3015
   0.952	   96.9676	   61.3409
   0.954	   96.9768	   61.3393
   0.956	   96.9862	   61.3111
   0.958	   96.9641	   61.2817
   0.960	   96.9082	   61.2568
   0.962	   96.8520	   61.2439
   0.964	   96.8342	   61.2392
   0.966	   96.8763	   61.2439
   0.968	   96.9248	   61.2508
   0.970	   96.9247	   61.2666
   0.972	   96.9232	   61.2745
   0.974	   96.9108	   61.2597
   0.976	   96.8904	   61.2245
   0.978	   96.8481	   61.1916
   0.980	   96.7963	   61.1954
   0.982	   96.7691	   61.2092
   0.984	   96.7937	   61.2122
   0.986	   96.8279	   61.2052
   0.988	   96.8696	   61.2051
   0.990	   96.8777	   61.2327
   0.992	   96.8497	   61.2439
   0.994	   96.8106	   61.2087
   0.996	   96.7979	   61.1588
   0.998	   96.7614	   61.1358
   1.000	   96.7247	   61.1347
   1.002	   96.7193	   61.1570
   1.004	   96.7703	   61.1650
   1.006	   96.8139	   61.1530
   1.008	   96.8064	   61.1693
   1.010	   96.7732	   61.1939
   1.012	   96.7480	   61.2048
   1.014	   96.7420	   61.1590
   1.016	   96.7438	   61.1146
   1.018	   96.7519	   61.1230
   1.020	   96.7272	   61.1463
   1.022	   96.7150	   61.1335
   1.024	   96.7388	   61.1198
   1.026	   96.7387	   61.1188
   1.028	   96.7067	   61.1300
   1.030	   96.6599	   61.1467
   1.032	   96.6524	   61.1469
   1.034	   96.6936	   61.1240
   1.036	   96.7428	   61.0975
   1.038	   96.7312	   61.1030
   1.040	   96.6833	   61.1164
   1.042	   96.6474	   61.1233
   1.044	   96.6356	   61.0979
   1.046	   96.6366	   61.0836
   1.048	   96.6165	   61.0889
   1.050	   96.6210	   61.1119
   1.052	   96.6486	   61.1133
   1.054	   96.6820	   61.0840
   1.056	   96.6625	   61.0639
   1.058	   96.6154	   61.0627
   1.060	   96.5616	   61.0765
   1.062	   96.5564	   61.0682
   1.064	   96.5722	   61.0726
   1.066	   96.5963	   61.0836
   1.068	   96.5967	   61.1053
   1.070	   96.6148	   61.0940
   1.072	   96.6230	   61.0559
   1.074	   96.5970	   61.0233
   1.076	   96.5477	   61.0183
   1.078	   96.4840	   61.0550
   1.080	   96.4711	   61.0540
   1.082	   96.4942	   61.0374
   1.084	   96.5289	   61.0399
   1.086	   96.5460	   61.0632
   1.088	   96.5387	   61.0720
   1.090	   96.5251	   61.0539
   1.092	   96.5109	   61.0243
   1.094	   96.4703	   60.9976
   1.096	   96.4385	   61.0035
   1.098	   96.4072	   61.0271
   1.100	   96.3876	   61.0318
   1.102	   96.4564	   61.0295
   1.104	   96.4949	   61.0261
   1.106	   96.5026	   61.0430
   1.108	   96.4861	   61.0599
   1.110	   96.4402	   61.0400
   1.112	   96.4167	   60.9946
   1.114	   96.3905	   60.9727
   1.116	   96.3386	   60.9820
   1.118	   96.3385	   60.9843
   1.120	   96.3742	   60.9784
   1.122	   96.4178	   60.9769
   1.124	   96.4260	   60.9937
   1.126	   96.3953	   61.0413
   1.128	   96.3640	   61.0311
   1.130	   96.3456	   60.9804
   1.132	   96.3147	   60.9398
   1.134	   96.2789	   60.9319
   1.136	   96.2717	   60.9538
   1.138	   96.2835	   60.9596
   1.140	   96.3257	   60.9491
   1.142	   96.3457	   60.9394
   1.144	   96.3258	   60.9689
   1.146	   96.2837	   61.0181
   1.148	   96.2560	   61.0088
   1.150	   96.2512	   60.9640
   1.152	   96.2550	   60.9155
   1.154	   96.2547	   60.9064
   1.156	   96.2494	   60.9282
   1.158	   96.2604	   60.9546
   1.160	   96.2576	   60.9508
   1.162	   96.2279	   60.9460
   1.164	   96.2083	   60.9518
   1.166	   96.1980	   60.9527
   1.168	   96.2046	   60.9408
   1.170	   96.2197	   60.9090
   1.172	   96.2012	   60.9021
   1.174	   96.1791	   60.9064
   1.176	   96.1592	   60.9221
   1.178	   96.1446	   60.9142
   1.180	   96.1523	   60.9102
   1.182	   96.1743	   60.9192
   1.184	   96.1739	   60.9183
   1.186	   96.1631	   60.9060
   1.188	   96.1540	   60.8960
   1.190	   96.1405	   60.8886
   1.192	   96.0976	   60.8994
   1.194	   96.0735	   60.9166
   1.196	   96.0606	   60.9250
   1.198	   96.0936	   60.9161
   1.200	   96.0870	   60.9205
   1.202	   96.1403	   60.9086
   1.204	   96.1325	   60.9237
   1.206	   96.0931	   60.9301
   1.208	   96.0496	   60.9015
   1.210	   96.0176	   60.8782
   1.212	   95.9464	   60.8693
   1.214	   95.9741	   60.8797
   1.216	   96.0081	   60.8951
   1.218	   96.0542	   60.8844
   1.220	   96.0672	   60.8824
   1.222	   96.0568	   60.8867
   1.224	   96.0166	   60.8894
   1.226	   95.9583	   60.8723
   1.228	   95.8860	   60.8601
   1.230	   95.9114	   60.8531
   1.232	   95.9259	   60.8613
   1.234	   95.9558	   60.8823
   1.236	   95.9868	   60.8709
   1.238	   96.0092	   60.8676
   1.240	   96.0007	   60.8899
   1.242	   95.9501	   60.8894
   1.244	   95.8988	   60.8919
   1.246	   95.8617	   60.8596
   1.248	   95.8302	   60.8355
   1.250	   95.8381	   60.8302
   1.252	   95.8701	   60.8492
   1.254	   95.8934	   60.8710
   1.256	   95.9032	   60.8809
   1.258	   95.8605	   60.8876
   1.260	   95.8756	   60.8653
   1.262	   95.8199	   60.8494
   1.264	   95.8111	   60.8374
   1.266	   95.8236	   60.8293
   1.268	   95.8383	   60.8127
   1.270	   95.8304	   60.8168
   1.272	   95.8294	   60.8459
   1.274	   95.8023	   60.8652
   1.276	   95.7542	   60.8664
   1.278	   95.7805	   60.8427
   1.280	   95.8112	   60.8189
   1.282	   95.8069	   60.8097
   1.284	   95.8023	   60.7811
   1.286	   95.7991	   60.7779
   1.288	   95.7729	   60.7884
   1.290	   95.7603	   60.8132
   1.292	   95.6986	   60.8442
   1.294	   95.7258	   60.8344
   1.296	   95.7617	   60.8033
   1.298	   95.7655	   60.7779
   1.300	   95.7609	   60.7670
   1.302	   95.7245	   60.7911
   1.304	   95.6992	   60.7901
   1.306	   95.6923	   60.7782
   1.308	   95.6517	   60.7947
   1.310	   95.6479	   60.8161
   1.312	   95.6863	   60.8237
   1.314	   95.7117	   60.8141
   1.316	   95.7293	   60.7784
   1.318	   95.6864	   60.7588
   1.320	   95.6361	   60.7549
   1.322	   95.6015	   60.7649
   1.324	   95.6049	   60.7696
   1.326	   95.6266	   60.7705
   1.328	   95.6233	   60.7867
   1.330	   95.6379	   60.7819
   1.332	   95.6370	   60.7560
   1.334	   95.6254	   60.7336
   1.336	   95.5980	   60.7241
   1.338	   95.5576	   60.7241
   1.340	   95.5289	   60.7522
   1.342	   95.5046	   60.7734
   1.344	   95.5364	   60.7611
   1.346	   95.5657	   60.7472
   1.348	   95.5680	   60.7364
   1.350	   95.5609	   60.7255
   1.352	   95.5426	   60.7388
   1.354	   95.5163	   60.7174
   1.356	   95.4990	   60.7041
   1.358	   95.4890	   60.7201
   1.360	   95.4909	   60.7463
   1.362	   95.5059	   60.7476
   1.364	   95.5502	   60.7118
   1.366	   95.5218	   60.6890
   1.368	   95.5165	   60.6913
   1.370	   95.4513	   60.7058
   1.372	   95.4195	   60.7149
   1.374	   95.4456	   60.7103
   1.376	   95.4490	   60.7082
   1.378	   95.4647	   60.7241
   1.380	   95.4701	   60.7178
   1.382	   95.4636	   60.6849
   1.384	   95.4717	   60.6587
   1.386	   95.4401	   60.6708
   1.388	   95.3772	   60.6909
   1.390	   95.3243	   60.7027
   1.392	   95.3376	   60.7013
   1.394	   95.3494	   60.6895
   1.396	   95.4230	   60.6976
   1.398	   95.4254	   60.7141
   1.400	   95.4147	   60.6875
   1.402	   95.4077	   60.6667
   1.404	   95.3782	   60.6383
   1.406	   95.3164	   60.6422
   1.408	   95.2552	   60.6734
   1.410	   95.2649	   60.6908
   1.412	   95.2919	   60.6826
   1.414	   95.3288	   60.6683
   1.416	   95.3462	   60.6723
   1.418	   95.3393	   60.6710
   1.420	   95.3116	   60.6751
   1.422	   95.2835	   60.6614
   1.424	   95.2247	   60.6458
   1.426	   95.2302	   60.6564
   1.428	   95.1861	   60.6841
   1.430	   95.1982	   60.7021
   1.432	   95.2518	   60.6821
   1.434	   95.2862	   60.6689
   1.436	   95.2699	   60.6550
   1.438	   95.2237	   60.6582
   1.440	   95.1829	   60.6632
   1.442	   95.1873	   60.6385
   1.444	   95.1708	   60.6345
   1.446	   95.1467	   60.6580
   1.448	   95.1548	   60.6728
   1.450	   95.1840	   60.6752
   1.452	   95.2351	   60.6476
   1.454	   95.2091	   60.6444
   1.456	   95.1542	   60.6700
   1.458	   95.1140	   60.6775
   1.460	   95.0641	   60.6581
   1.462	   95.0562	   60.6335
   1.464	   95.0922	   60.6170
   1.466	   95.1010	   60.6406
   1.468	   95.1077	   60.6646
   1.470	   95.1326	   60.6676
   1.472	   95.1415	   60.6434
   1.474	   95.1230	   60.6302
   1.476	   95.0482	   60.6369
   1.478	   94.9875	   60.6335
   1.480	   94.9703	   60.6328
   1.482	   95.0183	   60.6113
   1.484	   95.0387	   60.6295
   1.486	   95.0623	   60.6447
   1.488	   95.0628	   60.6440
   1.490	   95.0782	   60.6133
   1.492	   95.0532	   60.6008
   1.494	   94.9956	   60.6148
   1.496	   94.9079	   60.6412
   1.498	   94.8715	   60.6511
   1.500	   94.9353	   60.6138
   1.502	   94.9625	   60.6043
   1.504	   94.9954	   60.6264
   1.506	   94.9836	   60.6359
   1.508	   94.9884	   60.6229
   1.510	   94.9806	   60.5945
   1.512	   94.9338	   60.5873
   1.514	   94.8824	   60.6156
   1.516	   94.8309	   60.6469
   1.518	   94.8277	   60.6493
   1.520	   94.8595	   60.6318
   1.522	   94.8959	   60.6271
   1.524	   94.9067	   60.6351
   1.526	   94.9066	   60.6283
   1.528	   94.8939	   60.6157
   1.530	   94.8758	   60.6033
   1.532	   94.8132	   60.6090
   1.534	   94.7764	   60.6399
   1.536	   94.7461	   60.6530
   1.538	   94.7900	   60.6387
   1.540	   94.8417	   60.6343
   1.542	   94.8480	   60.6215
   1.544	   94.8332	   60.6239
   1.546	   94.7968	   60.6202
   1.548	   94.7666	   60.6082
   1.550	   94.7398	   60.5978
   1.552	   94.7117	   60.6077
   1.554	   94.7135	   60.6406
   1.556	   94.7202	   60.6629
   1.558	   94.7525	   60.6347
   1.560	   94.7734	   60.5987
   1.562	   94.7714	   60.5873
   1.564	   94.7111	   60.6088
   1.566	   94.6634	   60.6267
   1.568	   94.6602	   60.6309
   1.570	   94.6657	   60.6145
   1.572	   94.6557	   60.6198
   1.574	   94.6656	   60.6362
   1.576	   94.6827	   60.6423
   1.578	   94.7166	   60.6283
   1.580	   94.7219	   60.6071
   1.582	   94.6782	   60.6235
   1.584	   94.6016	   60.6372
   1.586	   94.5770	   60.6281
   1.588	   94.5526	   60.6194
   1.590	   94.5744	   60.6210
   1.592	   94.5753	   60.6395
   1.594	   94.5860	   60.6556
   1.596	   94.6149	   60.6333
   1.598	   94.6394	   60.5829
   1.600	   94.6251	   60.6047
   1.602	   94.5712	   60.6365
   1.604	   94.5083	   60.6575
   1.606	   94.4881	   60.6463
   1.608	   94.4934	   60.6178
   1.610	   94.5010	   60.6130
   1.612	   94.5127	   60.6476
   1.614	   94.5170	   60.6622
   1.616	   94.5508	   60.6481
   1.618	   94.5671	   60.6098
   1.620	   94.5442	   60.6241
   1.622	   94.4696	   60.6425
   1.624	   94.4056	   60.6631
   1.626	   94.3912	   60.6602
   1.628	   94.4009	   60.6475
   1.630	   94.4155	   60.6355
   1.632	   94.4339	   60.6442
   1.634	   94.4434	   60.6439
   1.636	   94.4701	   60.6350
   1.638	   94.4857	   60.6502
   1.640	   94.4532	   60.6611
   1.642	   94.3875	   60.6711
   1.644	   94.3362	   60.6596
   1.646	   94.3321	   60.6277
   1.648	   94.3465	   60.6241
   1.650	   94.3569	   60.6310
   1.652	   94.3649	   60.6423
   1.654	   94.3784	   60.6450
   1.656	   94.3955	   60.6335
   1.658	   94.3896	   60.6624
   1.660	   94.3569	   60.6914
   1.662	   94.3357	   60.6911
   1.664	   94.3359	   60.6582
   1.666	   94.3400	   60.6136
   1.668	   94.3406	   60.6080
   1.670	   94.3146	   60.6407
   1.672	   94.3035	   60.6560
   1.674	   94.3111	   60.6752
   1.676	   94.3163	   60.6676
   1.678	   94.3221	   60.6751
   1.680	   94.3213	   60.6525
   1.682	   94.2918	   60.6344
   1.684	   94.2909	   60.6270
   1.686	   94.2841	   60.6349
   1.688	   94.2583	   60.6609
   1.690	   94.2420	   60.6778
   1.692	   94.2302	   60.6880
   1.694	   94.2675	   60.6597
   1.696	   94.3037	   60.6491
   1.698	   94.3045	   60.6351
   1.700	   94.2701	   60.6540
   1.702	   94.2280	   60.6755
   1.704	   94.1959	   60.6578
   1.706	   94.1973	   60.6629
   1.708	   94.1854	   60.6760
   1.710	   94.1872	   60.6945
   1.712	   94.2124	   60.7065
   1.714	   94.2434	   60.6530
   1.716	   94.2445	   60.6085
   1.718	   94.2123	   60.6347
   1.720	   94.1501	   60.6790
   1.722	   94.0998	   60.6987
   1.724	   94.1022	   60.6941
   1.726	   94.1221	   60.6743
   1.728	   94.1387	   60.6834
   1.730	   94.1601	   60.6973
   1.732	   94.1759	   60.6691
   1.734	   94.1818	   60.6304
   1.736	   94.1653	   60.6371
   1.738	   94.1020	   60.6690
   1.740	   94.0479	   60.6981
   1.742	   94.0508	   60.6953
   1.744	   94.0582	   60.6910
   1.746	   94.0850	   60.6922
   1.748	   94.1031	   60.6983
   1.750	   94.1156	   60.6792
   1.752	   94.1059	   60.6397
   1.754	   94.0964	   60.6445
   1.756	   94.0441	   60.6712
   1.758	   93.9978	   60.7239
   1.760	   93.9834	   60.7358
   1.762	   94.0030	   60.7161
   1.764	   94.0565	   60.6880
   1.766	   94.0769	   60.6778
   1.768	   94.0482	   60.6752
   1.770	   94.0256	   60.6842
   1.772	   94.0068	   60.6879
   1.774	   93.9780	   60.6836
   1.776	   93.9621	   60.7168
   1.778	   93.9492	   60.7370
   1.780	   93.9575	   60.7491
   1.782	   93.9915	   60.7085
   1.784	   94.0165	   60.6835
   1.786	   93.9894	   60.6831
   1.788	   93.9444	   60.7040
   1.790	   93.9127	   60.7239
   1.792	   93.9097	   60.7259
   1.794	   93.9228	   60.7349
   1.796	   93.9115	   60.7533
   1.798	   93.9138	   60.7604
   1.800	   93.9290	   60.7218
   1.802	   93.9400	   60.6856
   1.804	   93.9260	   60.6960
   1.806	   93.8740	   60.7332
   1.808	   93.8201	   60.7733
   1.810	   93.8291	   60.7838
   1.812	   93.8530	   60.7569
   1.814	   93.8762	   60.7546
   1.816	   93.8791	   60.7639
   1.818	   93.8664	   60.7527
   1.820	   93.8669	   60.7208
   1.822	   93.8501	   60.7207
   1.824	   93.8059	   60.7591
   1.826	   93.7638	   60.8035
   1.828	   93.7579	   60.8128
   1.830	   93.7777	   60.7937
   1.832	   93.8057	   60.7800
   1.834	   93.8289	   60.7571
   1.836	   93.8004	   60.7467
   1.838	   93.7872	   60.7418
   1.840	   93.7690	   60.7482
   1.842	   93.7514	   60.7657
   1.844	   93.7366	   60.8124
   1.846	   93.7100	   60.8379
   1.848	   93.7187	   60.8204
   1.850	   93.7567	   60.7926
   1.852	   93.7620	   60.7640
   1.854	   93.7329	   60.7798
   1.856	   93.6904	   60.8030
   1.858	   93.6833	   60.8126
   1.860	   93.6893	   60.8090
   1.862	   93.6952	   60.8254
   1.864	   93.6739	   60.8533
   1.866	   93.6736	   60.8583
   1.868	   93.6827	   60.8282
   1.870	   93.6777	   60.7766
   1.872	   93.6689	   60.7834
   1.874	   93.6408	   60.8323
   1.876	   93.6112	   60.8743
   1.878	   93.6202	   60.8679
   1.880	   93.6383	   60.8492
   1.882	   93.6570	   60.8469
   1.884	   93.6556	   60.8572
   1.886	   93.6338	   60.8494
   1.888	   93.6270	   60.8204
   1.890	   93.6234	   60.8205
   1.892	   93.5913	   60.8476
   1.894	   93.5692	   60.8827
   1.896	   93.5481	   60.9117
   1.898	   93.5482	   60.9001
   1.900	   93.6069	   60.8853
   1.902	   93.5690	   60.8609
   1.904	   93.5721	   60.8489
   1.906	   93.5575	   60.8635
   1.908	   93.5456	   60.8853
   1.910	   93.5256	   60.9141
   1.912	   93.5013	   60.9343
   1.914	   93.4853	   60.9521
   1.916	   93.4964	   60.9356
   1.918	   93.5104	   60.9060
   1.920	   93.5111	   60.8863
   1.922	   93.5291	   60.8881
   1.924	   93.4989	   60.9313
   1.926	   93.4612	   60.9521
   1.928	   93.4496	   60.9522
   1.930	   93.4502	   60.9570
   1.932	   93.4291	   60.9737
   1.934	   93.4699	   60.9760
   1.936	   93.4961	   60.9546
   1.938	   93.5090	   60.9018
   1.940	   93.4891	   60.9131
   1.942	   93.4354	   60.9646
   1.944	   93.3885	   61.0069
   1.946	   93.3730	   61.0296
   1.948	   93.3947	   61.0111
   1.950	   93.3552	   61.0097
   1.952	   93.4195	   61.0017
   1.954	   93.4330	   60.9890
   1.956	   93.4447	   60.9604
   1.958	   93.4120	   60.9490
   1.960	   93.3510	   61.0026
   1.962	   93.2974	   61.0537
   1.964	   93.3087	   61.0727
   1.966	   93.3237	   61.0511
   1.968	   93.3178	   61.0249
   1.970	   93.3349	   61.0256
   1.972	   93.3577	   61.0340
   1.974	   93.3852	   61.0417
   1.976	   93.3741	   61.0408
   1.978	   93.3720	   61.0398
   1.980	   93.3225	   61.0791
   1.982	   93.2712	   61.1071
   1.984	   93.2706	   61.0840
   1.986	   93.3107	   61.0484
   1.988	   93.3285	   61.0332
   1.990	   93.3150	   61.0584
   1.992	   93.3065	   61.0943
   1.994	   93.3108	   61.1149
   1.996	   93.3349	   61.1074
   1.998	   93.3162	   61.0843
   2.000	   93.2804	   61.0976
   2.002	   93.2591	   61.1025
   2.004	   93.2603	   61.0942
   2.006	   93.2739	   61.0854
   2.008	   93.2694	   61.1064
   2.010	   93.2454	   61.1440
   2.012	   93.2221	   61.1758
   2.014	   93.2458	   61.1622
   2.016	   93.2761	   61.1186
   2.018	   93.2557	   61.1111
   2.020	   93.2287	   61.1278
   2.022	   93.2068	   61.1597
   2.024	   93.1980	   61.1754
   2.026	   93.2197	   61.1743
   2.028	   93.2098	   61.1828
   2.030	   93.1863	   61.2099
   2.032	   93.2054	   61.1865
   2.034	   93.2148	   61.1461
   2.036	   93.2025	   61.1270
   2.038	   93.1825	   61.1641
   2.040	   93.1373	   61.2135
   2.042	   93.1240	   61.2326
   2.044	   93.1319	   61.2274
   2.046	   93.1452	   61.2169
   2.048	   93.1405	   61.2235
   2.050	   93.1412	   61.2304
   2.052	   93.1556	   61.2058
   2.054	   93.1639	   61.1754
   2.056	   93.1550	   61.2001
   2.058	   93.1012	   61.2454
   2.060	   93.0747	   61.2911
   2.062	   93.0784	   61.3025
   2.064	   93.0892	   61.2749
   2.066	   93.1107	   61.2628
   2.068	   93.1098	   61.2690
   2.070	   93.1088	   61.2670
   2.072	   93.1074	   61.2424
   2.074	   93.1067	   61.2558
   2.076	   93.0759	   61.2875
   2.078	   93.0148	   61.3513
   2.080	   92.9666	   61.3781
   2.082	   93.0021	   61.3423
   2.084	   93.0573	   61.3133
   2.086	   93.0128	   61.3196
   2.088	   93.0529	   61.3116
   2.090	   93.0440	   61.2959
   2.092	   93.0473	   61.3020
   2.094	   93.0172	   61.3264
   2.096	   92.9925	   61.3774
   2.098	   92.9685	   61.4181
   2.100	   92.9421	   61.4081
   2.102	   92.9807	   61.3655
   2.104	   93.0346	   61.3430
   2.106	   93.0270	   61.3428
   2.108	   92.9650	   61.3459
   2.110	   92.9716	   61.3472
   2.112	   92.9939	   61.3843
   2.114	   92.9674	   61.4259
   2.116	   92.9251	   61.4688
   2.118	   92.8691	   61.4726
   2.120	   92.8987	   61.4310
   2.122	   92.9499	   61.3993
   2.124	   92.9521	   61.3861
   2.126	   92.9529	   61.3904
   2.128	   92.9234	   61.4113
   2.130	   92.9366	   61.4339
   2.132	   92.8746	   61.4653
   2.134	   92.8603	   61.4828
   2.136	   92.8309	   61.5157
   2.138	   92.8257	   61.5304
   2.140	   92.8620	   61.4761
   2.142	   92.8931	   61.4386
   2.144	   92.9050	   61.4324
   2.146	   92.8873	   61.4373
   2.148	   92.8650	   61.4654
   2.150	   92.8964	   61.4882
   2.152	   92.8455	   61.5028
   2.154	   92.8137	   61.5445
   2.156	   92.7827	   61.5657
   2.158	   92.8039	   61.5649
   2.160	   92.8222	   61.5462
   2.162	   92.8495	   61.5100
   2.164	   92.8388	   61.4879
   2.166	   92.8042	   61.5069
   2.168	   92.8147	   61.5325
   2.170	   92.7411	   61.5684
   2.172	   92.7884	   61.5706
   2.174	   92.7709	   61.5929
   2.176	   92.7471	   61.6188
   2.178	   92.7777	   61.5956
   2.180	   92.8099	   61.5680
   2.182	   92.8217	   61.5398
   2.184	   92.8372	   61.5498
   2.186	   92.7813	   61.5778
   2.188	   92.7595	   61.6142
   2.190	   92.7719	   61.6424
   2.192	   92.7363	   61.6582
   2.194	   92.7130	   61.6646
   2.196	   92.7272	   61.6635
   2.198	   92.7373	   61.6241
   2.200	   92.7790	   61.5938
   2.202	   92.7567	   61.5853
   2.204	   92.7343	   61.6344
   2.206	   92.6993	   61.6946
   2.208	   92.6855	   61.7141
   2.210	   92.6958	   61.7108
   2.212	   92.6834	   61.7179
   2.214	   92.6881	   61.7232
   2.216	   92.6552	   61.7216
   2.218	   92.7016	   61.6748
   2.220	   92.7141	   61.6605
   2.222	   92.6950	   61.6962
   2.224	   92.6560	   61.7540
   2.226	   92.6312	   61.7932
   2.228	   92.6496	   61.7831
   2.230	   92.6564	   61.7761
   2.232	   92.5912	   61.7953
   2.234	   92.6402	   61.7808
   2.236	   92.5341	   61.7919
   2.238	   92.6669	   61.7391
   2.240	   92.6572	   61.7316
   2.242	   92.6431	   61.7836
   2.244	   92.6071	   61.8358
   2.246	   92.6221	   61.8534
   2.248	   92.6263	   61.8280
   2.250	   92.6296	   61.8071
   2.252	   92.6188	   61.7961
   2.254	   92.6200	   61.7880
   2.256	   92.6121	   61.7859
   2.258	   92.6092	   61.8109
   2.260	   92.5564	   61.8576
   2.262	   92.5913	   61.8802
   2.264	   92.5692	   61.9020
   2.266	   92.5753	   61.8788
   2.268	   92.4870	   61.8869
   2.270	   92.5333	   61.8582
   2.272	   92.5829	   61.8404
   2.274	   92.5835	   61.8822
   2.276	   92.4958	   61.9177
   2.278	   92.5077	   61.9309
   2.280	   92.5600	   61.9331
   2.282	   92.5430	   61.9529
   2.284	   92.5446	   61.9466
   2.286	   92.5664	   61.9130
   2.288	   92.5745	   61.8716
   2.290	   92.5566	   61.8869
   2.292	   92.5318	   61.9419
   2.294	   92.4465	   62.0181
   2.296	   92.5106	   62.0129
   2.298	   92.4514	   62.0245
   2.300	   92.5194	   61.9904
   2.302	   92.5033	   61.9821
   2.304	   92.5082	   61.9642
   2.306	   92.5290	   61.9463
   2.308	   92.5288	   61.9679
   2.310	   92.5093	   62.0170
   2.312	   92.4746	   62.0675
   2.314	   92.4697	   62.0681
   2.316	   92.5159	   62.0579
   2.318	   92.4424	   62.0696
   2.320	   92.4893	   62.0224
   2.322	   92.4618	   62.0210
   2.324	   92.4634	   62.0356
   2.326	   92.4803	   62.0393
   2.328	   92.4298	   62.0962
   2.330	   92.4378	   62.1150
   2.332	   92.3786	   62.1654
   2.334	   92.3887	   62.1623
   2.336	   92.4839	   62.0790
   2.338	   92.3854	   62.0934
   2.340	   92.3668	   62.1182
   2.342	   92.4208	   62.1221
   2.344	   92.4298	   62.1451
   2.346	   92.3677	   62.1741
   2.348	   92.3768	   62.1700
   2.350	   92.3407	   62.2092
   2.352	   92.3592	   62.1802
   2.354	   92.3649	   62.1436
   2.356	   92.4347	   62.0866
   2.358	   92.4228	   62.1180
   2.360	   92.3829	   62.1921
   2.362	   92.3547	   62.2461
   2.364	   92.3728	   62.2397
   2.366	   92.3299	   62.2542
   2.368	   92.3444	   62.2355
   2.370	   92.3295	   62.2278
   2.372	   92.3951	   62.1916
   2.374	   92.3904	   62.1728
   2.376	   92.4021	   62.1907
   2.378	   92.4025	   62.2624
   2.380	   92.3236	   62.3103
   2.382	   92.2916	   62.3376
   2.384	   92.3482	   62.2807
   2.386	   92.3251	   62.2897
   2.388	   92.3694	   62.2424
   2.390	   92.3515	   62.2462
   2.392	   92.2933	   62.2735
   2.394	   92.3531	   62.2840
   2.396	   92.3022	   62.3301
   2.398	   92.2673	   62.3985
   2.400	   92.2969	   62.3790
   2.402	   92.2316	   62.4028
   2.404	   92.2505	   62.3727
   2.406	   92.2670	   62.3701
   2.408	   92.2634	   62.3368
   2.410	   92.2277	   62.3815
   2.412	   92.2441	   62.3869
   2.414	   92.2528	   62.4195
   2.416	   92.2428	   62.4485
   2.418	   92.2229	   62.4720
   2.420	   92.2809	   62.4257
   2.422	   92.2956	   62.3792
   2.424	   92.2688	   62.3767
   2.426	   92.3058	   62.3574
   2.428	   92.1983	   62.4229
   2.430	   92.2548	   62.4491
   2.432	   92.2238	   62.4787
   2.434	   92.2170	   62.5079
   2.436	   92.2402	   62.4856
   2.438	   92.2282	   62.4940
   2.440	   92.2591	   62.4653
   2.442	   92.2167	   62.4729
   2.444	   92.2400	   62.4295
   2.446	   92.2243	   62.4754
   2.448	   92.1896	   62.5489
   2.450	   92.1771	   62.5876
   2.452	   92.2375	   62.5461
   2.454	   92.2366	   62.5364
   2.456	   92.2558	   62.5117
   2.458	   92.1758	   62.5545
   2.460	   92.2074	   62.5115
   2.462	   92.2115	   62.5021
   2.464	   92.2577	   62.5158
   2.466	   92.2305	   62.5807
   2.468	   92.2113	   62.6316
   2.470	   92.2091	   62.6285
   2.472	   92.1620	   62.6343
   2.474	   92.2528	   62.5594
   2.476	   92.2501	   62.5575
   2.478	   92.2265	   62.5549
   2.480	   92.2336	   62.5565
   2.482	   92.2275	   62.5838
   2.484	   92.2098	   62.6343
   2.486	   92.1979	   62.6898
   2.488	   92.1335	   62.7402
   2.490	   92.1472	   62.7038
   2.492	   92.1808	   62.6500
   2.494	   92.1587	   62.6630
   2.496	   92.2135	   62.6232
   2.498	   92.1492	   62.6818
   2.500	   92.1978	   62.6576
   2.502	   92.1580	   62.7206
   2.504	   92.1939	   62.7454
   2.506	   92.1667	   62.7911
   2.508	   92.1066	   62.8178
   2.510	   92.1304	   62.7609
   2.512	   92.1605	   62.7245
   2.514	   92.1545	   62.7138
   2.516	   92.1856	   62.7141
   2.518	   92.1717	   62.7386
   2.520	   92.1783	   62.7697
   2.522	   92.1323	   62.8307
   2.524	   92.1489	   62.8400
   2.526	   92.1095	   62.8771
   2.528	   92.0636	   62.8986
   2.530	   92.0973	   62.8397
   2.532	   92.1811	   62.7808
   2.534	   92.2016	   62.7940
   2.536	   92.1582	   62.8432
   2.538	   92.1473	   62.8338
   2.540	   92.0818	   62.9044
   2.542	   92.0852	   62.8815
   2.544	   92.0732	   62.9159
   2.546	   92.0478	   62.9144
   2.548	   92.1248	   62.8712
   2.550	   92.1745	   62.8574
   2.552	   92.1716	   62.8679
   2.554	   92.1234	   62.9239
   2.556	   92.0613	   62.9776
   2.558	   92.0420	   62.9406
   2.560	   92.1007	   62.8711
   2.562	   92.1414	   62.8807
   2.564	   92.1087	   62.9386
   2.566	   92.1066	   62.9615
   2.568	   92.0468	   63.0133
   2.570	   92.1347	   62.9616
   2.572	   92.0959	   62.9614
   2.574	   92.0860	   62.9352
   2.576	   92.0337	   62.9790
   2.578	   92.1042	   62.9405
   2.580	   92.1205	   62.9715
   2.582	   92.0796	   63.0297
   2.584	   92.1009	   63.0401
   2.586	   92.0344	   63.0927
   2.588	   92.0422	   63.0801
   2.590	   92.0571	   63.0479
   2.592	   92.0291	   63.0193
   2.594	   92.0721	   63.0251
   2.596	   92.0765	   63.0433
   2.598	   92.0429	   63.1012
   2.600	   92.0583	   63.1112
   2.602	   92.0842	   63.1039
   2.604	   92.0179	   63.1735
   2.606	   92.0038	   63.1624
   2.608	   92.0383	   63.1086
   2.610	   92.0437	   63.0857
   2.612	   92.0872	   63.0735
   2.614	   92.0470	   63.1343
   2.616	   92.0710	   63.1677
   2.618	   92.0275	   63.2168
   2.620	   92.0358	   63.2504
   2.622	   92.0239	   63.2405
   2.624	   92.0618	   63.1607
   2.626	   92.0653	   63.1400
   2.628	   92.0454	   63.1900
   2.630	   92.0482	   63.1819
   2.632	   92.0144	   63.2363
   2.634	   92.0164	   63.2367
   2.636	   91.9916	   63.2866
   2.638	   92.0036	   63.3176
   2.640	   92.0420	   63.2555
   2.642	   91.9776	   63.2893
   2.644	   91.9846	   63.2747
   2.646	   92.0769	   63.2038
   2.648	   91.9979	   63.2685
   2.650	   92.0527	   63.2601
   2.652	   91.9668	   63.3561
   2.654	   91.9482	   63.4051
   2.656	   91.9647	   63.3791
   2.658	   91.9879	   63.3143
   2.660	   91.9488	   63.3198
   2.662	   92.0232	   63.2880
   2.664	   92.0100	   63.3171
   2.666	   92.0541	   63.3202
   2.668	   92.0506	   63.3114
   2.670	   91.9692	   63.3738
   2.672	   91.9584	   63.4050
   2.674	   91.9529	   63.3934
   2.676	   91.9463	   63.3772
   2.678	   92.0042	   63.3586
   2.680	   92.0249	   63.3767
   2.682	   92.0113	   63.3877
   2.684	   91.9847	   63.3929
   2.686	   92.0107	   63.3804
   2.688	   91.9509	   63.4278
   2.690	   91.9742	   63.3878
   2.692	   91.9585	   63.3834
   2.694	   91.9530	   63.3961
   2.696	   91.9757	   63.4125
   2.698	   91.9292	   63.5030
   2.700	   92.0014	   63.5045
   2.702	   91.9730	   63.5109
   2.704	   91.9465	   63.5132
   2.706	   91.9523	   63.4695
   2.708	   91.9150	   63.4618
   2.710	   91.9425	   63.4532
   2.712	   91.9172	   63.5474
   2.714	   91.9818	   63.5331
   2.716	   91.9443	   63.5784
   2.718	   91.9354	   63.5605
   2.720	   91.9145	   63.6050
   2.722	   91.9560	   63.5099
   2.724	   91.9202	   63.5472
   2.726	   91.9438	   63.5105
   2.728	   91.9707	   63.5104
   2.730	   91.9158	   63.5784
   2.732	   91.9374	   63.6088
   2.734	   91.9671	   63.6175
   2.736	   91.9655	   63.6238
   2.738	   91.9562	   63.6127
   2.740	   91.8962	   63.6626
   2.742	   91.9304	   63.5742
   2.744	   91.9008	   63.5997
   2.746	   91.9527	   63.5748
   2.748	   91.9359	   63.6744
   2.750	   91.9147	   63.7314
   2.752	   91.8823	   63.7592
   2.754	   91.9421	   63.6922
   2.756	   91.9270	   63.6766
   2.758	   91.9020	   63.6807
   2.760	   91.9312	   63.6679
   2.762	   91.9345	   63.6336
   2.764	   91.9619	   63.6251
   2.766	   91.9067	   63.7073
   2.768	   91.9415	   63.7124
   2.770	   91.8893	   63.7805
   2.772	   91.8655	   63.8396
   2.774	   91.8712	   63.8300
   2.776	   91.8803	   63.8076
   2.778	   91.8882	   63.7581
   2.780	   91.8836	   63.7585
   2.782	   91.9140	   63.7364
   2.784	   91.9289	   63.7998
   2.786	   92.0505	   63.7286
   2.788	   91.9735	   63.7933
   2.790	   91.8777	   63.8532
   2.792	   91.8750	   63.8161
   2.794	   91.9215	   63.7554
   2.796	   91.9001	   63.8318
   2.798	   91.9224	   63.8590
   2.800	   91.8962	   63.8949
   2.802	   91.9273	   63.8988
   2.804	   92.0079	   63.8198
   2.806	   91.9860	   63.8314
   2.808	   91.9415	   63.8501
   2.810	   91.8804	   63.9123
   2.812	   91.8948	   63.8510
   2.814	   91.9418	   63.8537
   2.816	   91.9336	   63.8979
   2.818	   91.9375	   63.9257
   2.820	   91.8911	   64.0014
   2.822	   92.0296	   63.8681
   2.824	   91.9404	   63.9275
   2.826	   91.8838	   63.9457
   2.828	   91.9029	   63.8997
   2.830	   91.9452	   63.9125
   2.832	   91.9708	   63.9596
   2.834	   92.0092	   63.9820
   2.836	   91.9702	   63.9996
   2.838	   91.8943	   64.0747
   2.840	   91.9612	   63.9483
   2.842	   91.9140	   63.9996
   2.844	   91.9257	   63.9565
   2.846	   91.9327	   64.0020
   2.848	   91.9487	   64.0273
   2.850	   91.9663	   64.0224
   2.852	   91.9910	   64.0112
   2.854	   91.9990	   64.0418
   2.856	   91.9727	   64.0504
   2.858	   91.9110	   64.0979
   2.860	   91.9160	   64.0114
   2.862	   91.9245	   64.0066
   2.864	   91.9425	   64.0486
   2.866	   91.9929	   64.0913
   2.868	   91.9975	   64.1027
   2.870	   91.9732	   64.0995
   2.872	   91.9971	   64.0767
   2.874	   91.9752	   64.0685
   2.876	   91.9064	   64.1414
   2.878	   91.9119	   64.0576
   2.880	   91.9469	   64.0610
   2.882	   91.9545	   64.0808
   2.884	   91.9197	   64.1896
   2.886	   91.9539	   64.1124
   2.888	   91.9454	   64.0872
   2.890	   91.8749	   64.1232
   2.892	   91.9527	   64.0541
   2.894	   91.9624	   64.0828
   2.896	   91.9554	   64.0906
   2.898	   91.9763	   64.0876
   2.900	   91.9367	   64.0870
   2.902	   91.9320	   64.0907
   2.904	   91.9265	   64.1004
   2.906	   91.9376	   64.0915
   2.908	   91.9416	   64.0749
   2.910	   91.9708	   64.0632
   2.912	   91.9170	   64.1078
   2.914	   91.9199	   64.1126
   2.916	   91.8729	   64.1561
   2.918	   91.9524	   64.0738
   2.920	   91.9477	   64.0650
   2.922	   91.9608	   64.0893
   2.924	   91.9596	   64.1079
   2.926	   91.9215	   64.1034
   2.928	   91.9495	   64.0775
   2.930	   91.9615	   64.0551
   2.932	   91.9313	   64.0680
   2.934	   91.9155	   64.1474
   2.936	   92.0115	   64.0680
   2.938	   91.9701	   64.0904
   2.940	   91.9360	   64.1105
   2.942	   91.9496	   64.1026
   2.944	   91.9288	   64.1023
   2.946	   91.9559	   64.0808
   2.948	   91.9918	   64.0668
   2.950	   92.0264	   64.0450
   2.952	   91.9968	   64.0805
   2.954	   91.9078	   64.1110
   2.956	   91.9371	   64.1023
   2.958	   91.9537	   64.0769
   2.960	   91.9633	   64.0838
   2.962	   92.0207	   64.0840
   2.964	   91.9259	   64.1331
   2.966	   91.9337	   64.1262
   2.968	   91.9379	   64.1137
   2.970	   91.9160	   64.0923
   2.972	   91.9195	   64.0922
   2.974	   91.9087	   64.1009
   2.976	   91.9745	   64.0837
   2.978	   91.9873	   64.0922
   2.980	   92.0215	   64.1022
   2.982	   91.9327	   64.1552
   2.984	   91.9305	   64.1571
   2.986	   91.9320	   64.1161
   2.988	   91.9257	   64.1014
   2.990	   91.9396	   64.1052
   2.992	   92.0121	   64.0895
   2.994	   92.0197	   64.0974
   2.996	   92.0495	   64.0930
   2.998	   92.0124	   64.0951
   3.000	   92.0330	   64.1011
   3.002	   91.9118	   64.1688
   3.004	   91.9446	   64.1445
   3.006	   91.9196	   64.1283
   3.008	   91.9560	   64.1088
   3.010	   91.9522	   64.1317
   3.012	   92.0054	   64.1180
   3.014	   92.0447	   64.0993
   3.016	   92.0131	   64.1802
   3.018	   92.0388	   64.1282
   3.020	   91.9834	   64.1746
   3.022	   91.9566	   64.1683
   3.024	   91.9296	   64.1574
   3.026	   91.9401	   64.1549
   3.028	   91.9504	   64.1428
   3.030	   91.9915	   64.1476
   3.032	   92.0178	   64.1577
   3.034	   92.0258	   64.1549
   3.036	   92.0344	   64.2013
   3.038	   91.9902	   64.2738
   3.040	   91.9766	   64.2903
   3.042	   91.9922	   64.1905
   3.044	   92.0075	   64.1603
   3.046	   91.9860	   64.1487
   3.048	   91.9988	   64.1536
   3.050	   91.9466	   64.1773
   3.052	   91.9511	   64.1771
   3.054	   92.0248	   64.1137
   3.056	   91.9993	   64.1524
   3.058	   92.0662	   64.1505
   3.060	   92.0512	   64.1893
   3.062	   92.0731	   64.2050
   3.064	   92.1100	   64.1934
   3.066	   92.0356	   64.3080
   3.068	   92.0817	   64.1877
   3.070	   92.0490	   64.1928
   3.072	   92.0642	   64.1780
   3.074	   92.0753	   64.1569
   3.076	   92.0127	   64.1935
   3.078	   92.0493	   64.1647
   3.080	   91.9807	   64.2357
   3.082	   92.0134	   64.1846
   3.084	   92.0393	   64.1458
   3.086	   92.0458	   64.1492
   3.088	   91.9947	   64.1928
   3.090	   92.0222	   64.1808
   3.092	   92.0738	   64.1434
   3.094	   92.1201	   64.1328
   3.096	   92.1457	   64.1318
   3.098	   92.1271	   64.1649
   3.100	   92.1099	   64.1871
   3.102	   92.0668	   64.1960
   3.104	   92.0737	   64.1843
   3.106	   92.0339	   64.2129
   3.108	   92.0498	   64.1912
   3.110	   92.0107	   64.2531
   3.112	   92.0563	   64.1766
   3.114	   92.0608	   64.1568
   3.116	   92.0997	   64.1572
   3.118	   92.1312	   64.1795
   3.120	   92.1775	   64.1812
   3.122	   92.2251	   64.1684
   3.124	   92.2247	   64.1618
   3.126	   92.1547	   64.1807
   3.128	   92.0976	   64.2056
   3.130	   92.1002	   64.1995
   3.132	   92.0690	   64.2055
   3.134	   92.0886	   64.2079
   3.136	   92.0799	   64.2116
   3.138	   92.0266	   64.2380
   3.140	   92.0088	   64.2485
   3.142	   92.0931	   64.1697
   3.144	   92.0926	   64.1787
   3.146	   92.0992	   64.1919
   3.148	   92.1444	   64.1882
   3.150	   92.1822	   64.1878
   3.152	   92.2461	   64.1746
   3.154	   92.2074	   64.2042
   3.156	   92.1730	   64.2391
   3.158	   92.1455	   64.2666
   3.160	   92.1647	   64.2792
   3.162	   92.1545	   64.2619
   3.164	   92.1246	   64.2819
   3.166	   92.1301	   64.2665
   3.168	   92.0994	   64.2616
   3.170	   92.1266	   64.2426
   3.172	   92.1366	   64.2243
   3.174	   92.1447	   64.2212
   3.176	   92.1357	   64.2282
   3.178	   92.1425	   64.2203
   3.180	   92.0865	   64.2349
   3.182	   92.0682	   64.2291
   3.184	   92.1015	   64.2226
   3.186	   92.1045	   64.2488
   3.188	   92.0996	   64.2786
   3.190	   92.0784	   64.3539
   3.192	   92.1928	   64.2788
   3.194	   92.1764	   64.3009
   3.196	   92.1779	   64.3046
   3.198	   92.1788	   64.2999
   3.200	   92.2242	   64.2729
   3.202	   92.2396	   64.2671
   3.204	   92.2242	   64.2767
   3.206	   92.2564	   64.2548
   3.208	   92.1950	   64.2635
   3.210	   92.1860	   64.2724
   3.212	   92.1795	   64.2915
   3.214	   92.1530	   64.3194
   3.216	   92.0930	   64.3381
   3.218	   92.0612	   64.3961
   3.220	   92.1430	   64.2760
   3.222	   92.1259	   64.2844
   3.224	   92.0924	   64.3206
   3.226	   92.1660	   64.2826
   3.228	   92.1766	   64.2649
   3.230	   92.1962	   64.2609
   3.232	   92.2188	   64.2832
   3.234	   92.2342	   64.3015
   3.236	   92.1683	   64.3500
   3.238	   92.1923	   64.3660
   3.240	   92.1972	   64.3672
   3.242	   92.1980	   64.3568
   3.244	   92.1844	   64.3532
   3.246	   92.1604	   64.3340
   3.248	   92.1920	   64.3013
   3.250	   92.1995	   64.2965
   3.252	   92.1876	   64.2959
   3.254	   92.2258	   64.3115
   3.256	   92.2645	   64.3163
   3.258	   92.2917	   64.3157
   3.260	   92.2521	   64.3446
   3.262	   92.2135	   64.3564
   3.264	   92.1755	   64.3851
   3.266	   92.1448	   64.3880
   3.268	   92.1602	   64.3628
   3.270	   92.1533	   64.3783
   3.272	   92.1209	   64.4538
   3.274	   92.2310	   64.4448
   3.276	   92.2604	   64.4402
   3.278	   92.3433	   64.4016
   3.280	   92.2591	   64.4083
   3.282	   92.2328	   64.3934
   3.284	   92.2284	   64.3852
   3.286	   92.2300	   64.3558
   3.288	   92.2323	   64.3379
   3.290	   92.2423	   64.3563
   3.292	   92.2527	   64.4123
   3.294	   92.2734	   64.4480
   3.296	   92.2914	   64.4677
   3.298	   92.3186	   64.4817
   3.300	   92.2602	   64.4913
   3.302	   92.1653	   64.5732
   3.304	   92.2362	   64.4474
   3.306	   92.2075	   64.4352
   3.308	   92.3132	   64.4080
   3.310	   92.3842	   64.4141
   3.312	   92.3891	   64.4630
   3.314	   92.3432	   64.4731
   3.316	   92.3550	   64.4513
   3.318	   92.3482	   64.4513
   3.320	   92.2577	   64.4908
   3.322	   92.2524	   64.5165
   3.324	   92.2780	   64.5366
   3.326	   92.2994	   64.5487
   3.328	   92.3578	   64.5467
   3.330	   92.4109	   64.5399
   3.332	   92.3781	   64.5455
   3.334	   92.3730	   64.5172
   3.336	   92.3731	   64.4846
   3.338	   92.3883	   64.4683
   3.340	   92.3551	   64.4983
   3.342	   92.3917	   64.5263
   3.344	   92.3798	   64.5627
   3.346	   92.3958	   64.5894
   3.348	   92.4522	   64.6189
   3.350	   92.4068	   64.6437
   3.352	   92.3346	   64.6384
   3.354	   92.3152	   64.6004
   3.356	   92.3421	   64.5599
   3.358	   92.3812	   64.5607
   3.360	   92.3877	   64.4939
   3.362	   92.4347	   64.6036
   3.364	   92.4613	   64.6250
   3.366	   92.4485	   64.6397
   3.368	   92.3898	   64.6519
   3.370	   92.3461	   64.6747
   3.372	   92.3079	   64.6858
   3.374	   92.3866	   64.6547
   3.376	   92.4758	   64.6395
   3.378	   92.4451	   64.6699
   3.380	   92.4744	   64.6697
   3.382	   92.4122	   64.6828
   3.384	   92.4041	   64.6717
   3.386	   92.4055	   64.6908
   3.388	   92.3979	   64.7113
   3.390	   92.3549	   64.7416
   3.392	   92.4000	   64.7414
   3.394	   92.4925	   64.7104
   3.396	   92.5266	   64.7186
   3.398	   92.5006	   64.7380
   3.400	   92.4486	   64.7373
   3.402	   92.4489	   64.7243
   3.404	   92.4055	   64.7193
   3.406	   92.4399	   64.7146
   3.408	   92.4567	   64.7720
   3.410	   92.5010	   64.8098
   3.412	   92.5296	   64.8162
   3.414	   92.5599	   64.7830
   3.416	   92.5519	   64.7700
   3.418	   92.5291	   64.7612
   3.420	   92.5069	   64.7665
   3.422	   92.4960	   64.7594
   3.424	   92.5323	   64.7584
   3.426	   92.5445	   64.7796
   3.428	   92.5638	   64.8281
   3.430	   92.5737	   64.8721
   3.432	   92.5849	   64.8728
   3.434	   92.5974	   64.8469
   3.436	   92.5631	   64.8320
   3.438	   92.5347	   64.8152
   3.440	   92.5138	   64.8046
   3.442	   92.5374	   64.7855
   3.444	   92.5873	   64.8200
   3.446	   92.6200	   64.8814
   3.448	   92.6157	   64.9209
   3.450	   92.6399	   64.9171
   3.452	   92.6410	   64.8929
   3.454	   92.6301	   64.8588
   3.456	   92.5964	   64.8722
   3.458	   92.5887	   64.8755
   3.460	   92.5992	   64.8622
   3.462	   92.6330	   64.8620
   3.464	   92.6685	   64.8896
   3.466	   92.6731	   64.9295
   3.468	   92.6760	   64.9676
   3.470	   92.6786	   64.9451
   3.472	   92.6681	   64.9124
   3.474	   92.6433	   64.8982
   3.476	   92.6358	   64.9059
   3.478	   92.6496	   64.9157
   3.480	   92.6930	   64.9146
   3.482	   92.7248	   64.9152
   3.484	   92.7133	   64.9423
   3.486	   92.6759	   64.9613
   3.488	   92.6695	   64.9835
   3.490	   92.6791	   64.9687
   3.492	   92.7172	   64.9612
   3.494	   92.7227	   64.9621
   3.496	   92.7250	   64.9942
   3.498	   92.7484	   65.0025
   3.500	   92.7581	   64.9777
   3.502	   92.7364	   64.9650
   3.504	   92.7187	   64.9922
   3.506	   92.6987	   65.0362
   3.508	   92.7141	   65.0474
   3.510	   92.7681	   65.0183
   3.512	   92.7911	   65.0049
   3.514	   92.7938	   65.0146
   3.516	   92.7875	   65.0388
   3.518	   92.7594	   65.0346
   3.520	   92.7467	   65.0333
   3.522	   92.7508	   65.0544
   3.524	   92.7546	   65.0783
   3.526	   92.7847	   65.0853
   3.528	   92.8098	   65.0792
   3.530	   92.8494	   65.0611
   3.532	   92.8448	   65.0587
   3.534	   92.8184	   65.0748
   3.536	   92.7729	   65.0907
   3.538	   92.7634	   65.1057
   3.540	   92.8106	   65.1098
   3.542	   92.8319	   65.1248
   3.544	   92.8467	   65.1396
   3.546	   92.8555	   65.1504
   3.548	   92.8697	   65.1209
   3.550	   92.8721	   65.0867
   3.552	   92.8442	   65.0900
   3.554	   92.7987	   65.1489
   3.556	   92.8008	   65.1724
   3.558	   92.8403	   65.1764
   3.560	   92.8948	   65.1673
   3.562	   92.9033	   65.1746
   3.564	   92.8896	   65.1914
   3.566	   92.8968	   65.1844
   3.568	   92.8798	   65.1564
   3.570	   92.8794	   65.1551
   3.572	   92.8652	   65.1843
   3.574	   92.8802	   65.2063
   3.576	   92.9103	   65.2365
   3.578	   92.9502	   65.2401
   3.580	   92.9644	   65.2303
   3.582	   92.9479	   65.2362
   3.584	   92.9190	   65.2156
   3.586	   92.9033	   65.1997
   3.588	   92.8963	   65.2036
   3.590	   92.9404	   65.2197
   3.592	   92.9519	   65.2583
   3.594	   92.9779	   65.2942
   3.596	   93.0073	   65.2915
   3.598	   93.0055	   65.2753
   3.600	   92.9914	   65.2646
   3.602	   92.9655	   65.2649
   3.604	   92.9337	   65.2831
   3.606	   92.9452	   65.2824
   3.608	   92.9917	   65.2792
   3.610	   93.0304	   65.3084
   3.612	   93.0528	   65.3510
   3.614	   93.0547	   65.3668
   3.616	   93.0547	   65.3490
   3.618	   93.0505	   65.3097
   3.620	   93.0223	   65.3021
   3.622	   92.9850	   65.3245
   3.624	   92.9829	   65.3611
   3.626	   93.0134	   65.3698
   3.628	   93.0380	   65.4182
   3.630	   93.1061	   65.3781
   3.632	   93.1129	   65.4091
   3.634	   93.1075	   65.4080
   3.636	   93.0975	   65.3797
   3.638	   93.0707	   65.3489
   3.640	   93.0533	   65.3502
   3.642	   93.0395	   65.3739
   3.644	   93.0671	   65.3960
   3.646	   93.1210	   65.4153
   3.648	   93.1757	   65.4326
   3.650	   93.1814	   65.4556
   3.652	   93.1684	   65.4602
   3.654	   93.1473	   65.4301
   3.656	   93.1372	   65.4043
   3.658	   93.1246	   65.4052
   3.660	   93.1171	   65.4013
   3.662	   93.1210	   65.4049
   3.664	   93.1547	   65.4250
   3.666	   93.2060	   65.4559
   3.668	   93.2054	   65.4747
   3.670	   93.1895	   65.4898
   3.672	   93.1665	   65.4927
   3.674	   93.1615	   65.4629
   3.676	   93.1886	   65.4334
   3.678	   93.2010	   65.4333
   3.680	   93.2207	   65.4661
   3.682	   93.2250	   65.4920
   3.684	   93.2432	   65.5056
   3.686	   93.2554	   65.5091
   3.688	   93.2305	   65.5175
   3.690	   93.2192	   65.5275
   3.692	   93.2172	   65.5300
   3.694	   93.2360	   65.5099
   3.696	   93.2808	   65.4853
   3.698	   93.2862	   65.5033
   3.700	   93.2813	   65.5262
   3.702	   93.2658	   65.5292
   3.704	   93.2471	   65.4998
   3.706	   93.2468	   65.5029
   3.708	   93.2404	   65.5187
   3.710	   93.2667	   65.5506
   3.712	   93.3214	   65.5672
   3.714	   93.3730	   65.5557
   3.716	   93.3872	   65.5629
   3.718	   93.3743	   65.5622
   3.720	   93.3336	   65.5636
   3.722	   93.3162	   65.5435
   3.724	   93.3141	   65.5435
   3.726	   93.3231	   65.5497
   3.728	   93.3544	   65.5824
   3.730	   93.3974	   65.6199
   3.732	   93.4332	   65.6073
   3.734	   93.4745	   65.5985
   3.736	   93.4614	   65.5971
   3.738	   93.4145	   65.6061
   3.740	   93.3882	   65.6188
   3.742	   93.3955	   65.5940
   3.744	   93.4256	   65.5642
   3.746	   93.4395	   65.5638
   3.748	   93.4576	   65.6199
   3.750	   93.4823	   65.6601
   3.752	   93.5017	   65.6556
   3.754	   93.5013	   65.6390
   3.756	   93.4861	   65.6510
   3.758	   93.4540	   65.6537
   3.760	   93.4554	   65.6460
   3.762	   93.4968	   65.6215
   3.764	   93.5154	   65.6089
   3.766	   93.5210	   65.6052
   3.768	   93.4868	   65.6280
   3.770	   93.4763	   65.6367
   3.772	   93.4862	   65.6529
   3.774	   93.5195	   65.6534
   3.776	   93.5469	   65.6660
   3.778	   93.5666	   65.6798
   3.780	   93.5838	   65.6730
   3.782	   93.6034	   65.6476
   3.784	   93.5957	   65.6390
   3.786	   93.5472	   65.6528
   3.788	   93.5122	   65.6908
   3.790	   93.5313	   65.7009
   3.792	   93.5596	   65.6818
   3.794	   93.6080	   65.6734
   3.796	   93.6464	   65.7091
   3.798	   93.6584	   65.7242
   3.800	   93.6704	   65.7229
   3.802	   93.6651	   65.6918
   3.804	   93.6531	   65.6685
   3.806	   93.6181	   65.6964
   3.808	   93.6064	   65.7342
   3.810	   93.6259	   65.7306
   3.812	   93.6760	   65.7248
   3.814	   93.7254	   65.7300
   3.816	   93.7495	   65.7495
   3.818	   93.7593	   65.7645
   3.820	   93.7441	   65.7474
   3.822	   93.7263	   65.7346
   3.824	   93.7022	   65.7311
   3.826	   93.6843	   65.7346
   3.828	   93.6982	   65.7285
   3.830	   93.7396	   65.7272
   3.832	   93.7958	   65.7522
   3.834	   93.8295	   65.7812
   3.836	   93.8209	   65.7997
   3.838	   93.8129	   65.7992
   3.840	   93.7982	   65.7695
   3.842	   93.7773	   65.7497
   3.844	   93.7611	   65.7837
   3.846	   93.8009	   65.7556
   3.848	   93.8142	   65.7492
   3.850	   93.8382	   65.7634
   3.852	   93.8486	   65.7777
   3.854	   93.8378	   65.7981
   3.856	   93.8239	   65.8316
   3.858	   93.8460	   65.8282
   3.860	   93.8679	   65.7878
   3.862	   93.8853	   65.7695
   3.864	   93.8939	   65.7884
   3.866	   93.8730	   65.7980
   3.868	   93.8507	   65.8006
   3.870	   93.8504	   65.7933
   3.872	   93.8606	   65.8227
   3.874	   93.8672	   65.8474
   3.876	   93.8928	   65.8544
   3.878	   93.9372	   65.8409
   3.880	   93.9661	   65.8124
   3.882	   93.9691	   65.8250
   3.884	   93.9427	   65.8377
   3.886	   93.9098	   65.8378
   3.888	   93.8925	   65.8384
   3.890	   93.9070	   65.8376
   3.892	   93.9422	   65.8517
   3.894	   93.9789	   65.8838
   3.896	   94.0125	   65.9059
   3.898	   94.0342	   65.8759
   3.900	   94.0442	   65.8468
   3.902	   94.0217	   65.8350
   3.904	   93.9813	   65.8498
   3.906	   93.9522	   65.8958
   3.908	   93.9608	   65.9375
   3.910	   94.0228	   65.8972
   3.912	   94.0626	   65.9069
   3.914	   94.0827	   65.9203
   3.916	   94.0990	   65.9234
   3.918	   94.1037	   65.8953
   3.920	   94.0945	   65.8628
   3.922	   94.0786	   65.8715
   3.924	   94.0370	   65.9167
   3.926	   94.0381	   65.9208
   3.928	   94.0817	   65.9194
   3.930	   94.1430	   65.9250
   3.932	   94.1834	   65.9509
   3.934	   94.1625	   65.9551
   3.936	   94.1487	   65.9392
   3.938	   94.1446	   65.8990
   3.940	   94.1362	   65.8905
   3.942	   94.1174	   65.9236
   3.944	   94.1107	   65.9627
   3.946	   94.1635	   65.9691
   3.948	   94.2105	   65.9696
   3.950	   94.2538	   65.9661
   3.952	   94.2499	   65.9693
   3.954	   94.2155	   65.9635
   3.956	   94.1989	   65.9449
   3.958	   94.1886	   65.9325
   3.960	   94.1874	   65.9532
   3.962	   94.1998	   65.9759
   3.964	   94.2295	   65.9785
   3.966	   94.2728	   65.9802
   3.968	   94.3248	   65.9712
   3.970	   94.3223	   65.9843
   3.972	   94.2837	   65.9972
   3.974	   94.2588	   65.9821
   3.976	   94.2563	   65.9580
   3.978	   94.2692	   65.9495
   3.980	   94.2783	   65.9544
   3.982	   94.3053	   65.9856
   3.984	   94.3508	   66.0139
   3.986	   94.3953	   65.9960
   3.988	   94.4154	   65.9895
   3.990	   94.3775	   65.9973
   3.992	   94.3315	   66.0093
   3.994	   94.3152	   65.9937
   3.996	   94.3364	   65.9640
   3.998	   94.3670	   65.9594
   4.000	   94.4034	   65.9878
   4.002	   94.4278	   66.0159
   4.004	   94.4725	   66.0265
   4.006	   94.4982	   66.0213
   4.008	   94.4786	   66.0219
   4.010	   94.4163	   66.0458
   4.012	   94.3895	   66.0408
   4.014	   94.4068	   65.9964
   4.016	   94.4417	   65.9713
   4.018	   94.4755	   65.9829
   4.020	   94.4898	   66.0232
   4.022	   94.5076	   66.0487
   4.024	   94.5215	   66.0472
   4.026	   94.5206	   66.0383
   4.028	   94.5108	   66.0433
   4.030	   94.4892	   66.0558
   4.032	   94.4971	   66.0506
   4.034	   94.5344	   66.0159
   4.036	   94.5569	   65.9974
   4.038	   94.5386	   66.0223
   4.040	   94.5221	   66.0684
   4.042	   94.5308	   66.0855
   4.044	   94.5564	   66.0747
   4.046	   94.6094	   66.0478
   4.048	   94.6099	   66.0544
   4.050	   94.5804	   66.0644
   4.052	   94.6003	   66.0655
   4.054	   94.6152	   66.0423
   4.056	   94.6068	   66.0437
   4.058	   94.5784	   66.0724
   4.060	   94.5715	   66.1021
   4.062	   94.6222	   66.0957
   4.064	   94.6720	   66.0691
   4.066	   94.6859	   66.0569
   4.068	   94.6626	   66.0661
   4.070	   94.6427	   66.0818
   4.072	   94.6344	   66.0641
   4.074	   94.6298	   66.0568
   4.076	   94.6292	   66.0895
   4.078	   94.6477	   66.1176
   4.080	   94.6788	   66.1146
   4.082	   94.7325	   66.0987
   4.084	   94.7622	   66.0667
   4.086	   94.7525	   66.0686
   4.088	   94.7011	   66.0794
   4.090	   94.6601	   66.0928
   4.092	   94.6760	   66.1018
   4.094	   94.7096	   66.0905
   4.096	   94.7532	   66.1068
   4.098	   94.7790	   66.1218
   4.100	   94.7991	   66.1188
   4.102	   94.8280	   66.0792
   4.104	   94.8298	   66.0537
   4.106	   94.7782	   66.0704
   4.108	   94.7392	   66.1109
   4.110	   94.7463	   66.1314
   4.112	   94.8029	   66.1153
   4.114	   94.8598	   66.1112
   4.116	   94.8600	   66.1136
   4.118	   94.8468	   66.1278
   4.120	   94.8445	   66.1074
   4.122	   94.8467	   66.0723
   4.124	   94.8477	   66.0687
   4.126	   94.8309	   66.1241
   4.128	   94.8245	   66.1585
   4.130	   94.8642	   66.1364
   4.132	   94.9305	   66.1042
   4.134	   94.9481	   66.0913
   4.136	   94.9362	   66.1111
   4.138	   94.9075	   66.1268
   4.140	   94.8895	   66.1006
   4.142	   94.9099	   66.0887
   4.144	   94.9113	   66.1089
   4.146	   94.9095	   66.1449
   4.148	   94.9434	   66.1457
   4.150	   95.0039	   66.1356
   4.152	   95.0429	   66.1112
   4.154	   95.0351	   66.1216
   4.156	   94.9866	   66.1390
   4.158	   94.9502	   66.1354
   4.160	   94.9465	   66.1101
   4.162	   94.9683	   66.1023
   4.164	   94.9955	   66.1084
   4.166	   95.0309	   66.1337
   4.168	   95.0731	   66.1458
   4.170	   95.1188	   66.1041
   4.172	   95.1203	   66.0989
   4.174	   95.0723	   66.1116
   4.176	   95.0274	   66.1322
   4.178	   95.0064	   66.1473
   4.180	   95.0430	   66.1324
   4.182	   95.0935	   66.1126
   4.184	   95.1387	   66.1267
   4.186	   95.1683	   66.1425
   4.188	   95.2062	   66.1295
   4.190	   95.2194	   66.1171
   4.192	   95.1837	   66.1090
   4.194	   95.1320	   66.1358
   4.196	   95.1071	   66.1501
   4.198	   95.1094	   66.1381
   4.200	   95.1704	   66.1176
   4.202	   95.2307	   66.1159
   4.204	   95.2712	   66.1376
   4.206	   95.2726	   66.1610
   4.208	   95.2534	   66.1532
   4.210	   95.2323	   66.1242
   4.212	   95.2077	   66.1246
   4.214	   95.1989	   66.1321
   4.216	   95.2153	   66.1448
   4.218	   95.2676	   66.1351
   4.220	   95.3301	   66.1362
   4.222	   95.3566	   66.1539
   4.224	   95.3289	   66.1684
   4.226	   95.2953	   66.1746
   4.228	   95.2893	   66.1542
   4.230	   95.2967	   66.1078
   4.232	   95.3103	   66.0975
   4.234	   95.3067	   66.1266
   4.236	   95.3291	   66.1464
   4.238	   95.3580	   66.1569
   4.240	   95.3628	   66.1656
   4.242	   95.3483	   66.1900
   4.244	   95.3316	   66.1893
   4.246	   95.3428	   66.1637
   4.248	   95.3845	   66.1132
   4.250	   95.4099	   66.0904
   4.252	   95.4061	   66.1176
   4.254	   95.3946	   66.1551
   4.256	   95.3959	   66.1612
   4.258	   95.4107	   66.1634
   4.260	   95.4299	   66.1516
   4.262	   95.4311	   66.1636
   4.264	   95.4225	   66.1525
   4.266	   95.4563	   66.1281
   4.268	   95.4858	   66.0898
   4.270	   95.4800	   66.0929
   4.272	   95.4426	   66.1421
   4.274	   95.4411	   66.1795
   4.276	   95.4732	   66.1750
   4.278	   95.5218	   66.1385
   4.280	   95.5382	   66.1224
   4.282	   95.5250	   66.1276
   4.284	   95.5240	   66.1372
   4.286	   95.5238	   66.1180
   4.288	   95.5276	   66.1182
   4.290	   95.5336	   66.1472
   4.292	   95.5507	   66.1596
   4.294	   95.5769	   66.1552
   4.296	   95.6111	   66.1337
   4.298	   95.6296	   66.1256
   4.300	   95.6116	   66.1247
   4.302	   95.5694	   66.1344
   4.304	   95.5571	   66.1466
   4.306	   95.5829	   66.1567
   4.308	   95.6131	   66.1409
   4.310	   95.6471	   66.1561
   4.312	   95.6741	   66.1534
   4.314	   95.6871	   66.1381
   4.316	   95.6978	   66.1229
   4.318	   95.6815	   66.1150
   4.320	   95.6307	   66.1367
   4.322	   95.6076	   66.1753
   4.324	   95.6406	   66.1882
   4.326	   95.6894	   66.1556
   4.328	   95.7514	   66.1281
   4.330	   95.7721	   66.1306
   4.332	   95.7637	   66.1508
   4.334	   95.7615	   66.1471
   4.336	   95.7334	   66.1273
   4.338	   95.7195	   66.1365
   4.340	   95.7201	   66.1638
   4.342	   95.7293	   66.1700
   4.344	   95.7855	   66.1618
   4.346	   95.8392	   66.1421
   4.348	   95.8477	   66.1205
   4.350	   95.8350	   66.1192
   4.352	   95.8177	   66.1177
   4.354	   95.8035	   66.1091
   4.356	   95.7928	   66.1348
   4.358	   95.7954	   66.1746
   4.360	   95.8057	   66.1835
   4.362	   95.8382	   66.1737
   4.364	   95.8768	   66.1385
   4.366	   95.8939	   66.1186
   4.368	   95.8963	   66.1321
   4.370	   95.8667	   66.1410
   4.372	   95.8452	   66.1294
   4.374	   95.8612	   66.1425
   4.376	   95.8885	   66.1488
   4.378	   95.9114	   66.1588
   4.380	   95.9318	   66.1694
   4.382	   95.9536	   66.1632
   4.384	   95.9647	   66.1248
   4.386	   95.9563	   66.1119
   4.388	   95.9181	   66.1138
   4.390	   95.9091	   66.1531
   4.392	   95.9324	   66.1675
   4.394	   95.9756	   66.1553
   4.396	   96.0296	   66.1364
   4.398	   96.0414	   66.1250
   4.400	   96.0280	   66.1382
   4.402	   96.0190	   66.1237
   4.404	   95.9948	   66.1083
   4.406	   95.9807	   66.1239
   4.408	   95.9815	   66.1651
   4.410	   96.0074	   66.1510
   4.412	   96.0698	   66.1233
   4.414	   96.1308	   66.0975
   4.416	   96.1591	   66.0963
   4.418	   96.1287	   66.1338
   4.420	   96.0857	   66.1493
   4.422	   96.0681	   66.1293
   4.424	   96.0645	   66.1046
   4.426	   96.0580	   66.1175
   4.428	   96.0701	   66.1382
   4.430	   96.1180	   66.1295
   4.432	   96.1964	   66.1006
   4.434	   96.2358	   66.0680
   4.436	   96.2159	   66.0733
   4.438	   96.1658	   66.1036
   4.440	   96.1365	   66.1063
   4.442	   96.1151	   66.1158
   4.444	   96.1308	   66.1233
   4.446	   96.1497	   66.1236
   4.448	   96.1899	   66.1182
   4.450	   96.2369	   66.0951
   4.452	   96.2827	   66.0769
   4.454	   96.2802	   66.0673
   4.456	   96.2584	   66.0714
   4.458	   96.2104	   66.0874
   4.460	   96.1965	   66.0980
   4.462	   96.2223	   66.1073
   4.464	   96.2483	   66.1075
   4.466	   96.2735	   66.1068
   4.468	   96.3095	   66.1013
   4.470	   96.3362	   66.0719
   4.472	   96.3532	   66.0247
   4.474	   96.3379	   66.0366
   4.476	   96.2977	   66.0742
   4.478	   96.2775	   66.1084
   4.480	   96.2964	   66.1028
   4.482	   96.3375	   66.0709
   4.484	   96.3950	   66.0595
   4.486	   96.4126	   66.0725
   4.488	   96.4206	   66.0790
   4.490	   96.4278	   66.0618
   4.492	   96.4326	   66.0480
   4.494	   96.4041	   66.0487
   4.496	   96.3668	   66.0663
   4.498	   96.3587	   66.0908
   4.500	   96.4020	   66.0759
   4.502	   96.4524	   66.0485
   4.504	   96.4951	   66.0438
   4.506	   96.4955	   66.0372
   4.508	   96.4831	   66.0388
   4.510	   96.4703	   66.0372
   4.512	   96.4619	   66.0403
   4.514	   96.4415	   66.0809
   4.516	   96.4423	   66.0867
   4.518	   96.4873	   66.0483
   4.520	   96.5587	   66.0099
   4.522	   96.6066	   66.0091
   4.524	   96.5838	   66.0324
   4.526	   96.5400	   66.0616
   4.528	   96.5191	   66.0393
   4.530	   96.5250	   66.0198
   4.532	   96.5342	   66.0212
   4.534	   96.5394	   66.0392
   4.536	   96.5714	   66.0388
   4.538	   96.6218	   66.0147
   4.540	   96.6712	   65.9859
   4.542	   96.6637	   65.9818
   4.544	   96.6245	   66.0143
   4.546	   96.5779	   66.0302
   4.548	   96.5772	   66.0247
   4.550	   96.5979	   66.0091
   4.552	   96.6202	   66.0026
   4.554	   96.6507	   66.0072
   4.556	   96.6866	   66.0024
   4.558	   96.7548	   65.9683
   4.560	   96.7468	   65.9733
   4.562	   96.6846	   66.0001
   4.564	   96.6513	   66.0383
   4.566	   96.6356	   66.0110
   4.568	   96.6536	   65.9640
   4.570	   96.6974	   65.9501
   4.572	   96.7432	   65.9680
   4.574	   96.7598	   66.0089
   4.576	   96.7783	   66.0023
   4.578	   96.7926	   65.9843
   4.580	   96.7850	   65.9721
   4.582	   96.7528	   65.9804
   4.584	   96.7425	   65.9898
   4.586	   96.7632	   65.9781
   4.588	   96.7809	   65.9430
   4.590	   96.7857	   65.9330
   4.592	   96.7835	   65.9649
   4.594	   96.7935	   65.9932
   4.596	   96.8031	   66.0022
   4.598	   96.8292	   65.9778
   4.600	   96.8344	   65.9550
   4.602	   96.8150	   65.9476
   4.604	   96.8156	   65.9373
   4.606	   96.8302	   65.9319
   4.608	   96.8473	   65.9459
   4.610	   96.8397	   65.9620
   4.612	   96.8485	   65.9849
   4.614	   96.8651	   65.9691
   4.616	   96.8917	   65.9225
   4.618	   96.9292	   65.8932
   4.620	   96.9215	   65.8968
   4.622	   96.8923	   65.9204
   4.624	   96.8686	   65.9251
   4.626	   96.8722	   65.9277
   4.628	   96.8962	   65.9248
   4.630	   96.9083	   65.9451
   4.632	   96.9244	   65.9379
   4.634	   96.9534	   65.9084
   4.636	   97.0074	   65.8702
   4.638	   97.0189	   65.8443
   4.640	   96.9845	   65.8699
   4.642	   96.9439	   65.8946
   4.644	   96.9163	   65.9106
   4.646	   96.9407	   65.9147
   4.648	   96.9561	   65.9179
   4.650	   96.9797	   65.9078
   4.652	   97.0130	   65.9031
   4.654	   97.0493	   65.8741
   4.656	   97.0799	   65.8345
   4.658	   97.0730	   65.8326
   4.660	   97.0419	   65.8513
   4.662	   97.0011	   65.8733
   4.664	   96.9989	   65.8831
   4.666	   97.0336	   65.8730
   4.668	   97.0626	   65.8592
   4.670	   97.0699	   65.8582
   4.672	   97.0990	   65.8485
   4.674	   97.1428	   65.8148
   4.676	   97.1703	   65.8065
   4.678	   97.1461	   65.8118
   4.680	   97.0878	   65.8455
   4.682	   97.0694	   65.8586
   4.684	   97.0661	   65.8363
   4.686	   97.0882	   65.8110
   4.688	   97.1285	   65.8100
   4.690	   97.1659	   65.8137
   4.692	   97.1982	   65.8088
   4.694	   97.2207	   65.7982
   4.696	   97.2142	   65.7934
   4.698	   97.1983	   65.8224
   4.700	   97.1705	   65.8343
   4.702	   97.1641	   65.8039
   4.704	   97.1852	   65.7654
   4.706	   97.2052	   65.7488
   4.708	   97.2192	   65.7765
   4.710	   97.1992	   65.8103
   4.712	   97.2138	   65.8075
   4.714	   97.2439	   65.7960
   4.716	   97.2533	   65.7684
   4.718	   97.2438	   65.7535
   4.720	   97.2464	   65.7581
   4.722	   97.2649	   65.7366
   4.724	   97.2756	   65.7118
   4.726	   97.2629	   65.7498
   4.728	   97.2502	   65.7838
   4.730	   97.2582	   65.7927
   4.732	   97.2952	   65.7684
   4.734	   97.3256	   65.7166
   4.736	   97.3427	   65.6967
   4.738	   97.3407	   65.7018
   4.740	   97.3203	   65.7039
   4.742	   97.3121	   65.7039
   4.744	   97.3067	   65.7136
   4.746	   97.3123	   65.7342
   4.748	   97.3167	   65.7402
   4.750	   97.3421	   65.7212
   4.752	   97.3933	   65.6810
   4.754	   97.4299	   65.6441
   4.756	   97.4257	   65.6574
   4.758	   97.3848	   65.6799
   4.760	   97.3584	   65.6860
   4.762	   97.3602	   65.6906
   4.764	   97.3801	   65.6825
   4.766	   97.3966	   65.6768
   4.768	   97.4126	   65.6624
   4.770	   97.4571	   65.6350
   4.772	   97.4929	   65.6033
   4.774	   97.4918	   65.6098
   4.776	   97.4609	   65.6353
   4.778	   97.4224	   65.6699
   4.780	   97.4139	   65.6679
   4.782	   97.4204	   65.6349
   4.784	   97.4539	   65.6081
   4.786	   97.4878	   65.5960
   4.788	   97.5057	   65.5897
   4.790	   97.5251	   65.5934
   4.792	   97.5465	   65.5904
   4.794	   97.5245	   65.6126
   4.796	   97.4846	   65.6201
   4.798	   97.4656	   65.6114
   4.800	   97.4853	   65.5673
   4.802	   97.5062	   65.5376
   4.804	   97.5316	   65.5515
   4.806	   97.5307	   65.5850
   4.808	   97.5439	   65.6060
   4.810	   97.5595	   65.5977
   4.812	   97.5765	   65.5635
   4.814	   97.5673	   65.5503
   4.816	   97.5565	   65.5535
   4.818	   97.5516	   65.5384
   4.820	   97.5643	   65.5167
   4.822	   97.5776	   65.4949
   4.824	   97.5809	   65.5159
   4.826	   97.5758	   65.5588
   4.828	   97.5924	   65.5568
   4.830	   97.6188	   65.5242
   4.832	   97.6402	   65.4835
   4.834	   97.6334	   65.4789
   4.836	   97.6330	   65.4765
   4.838	   97.6176	   65.4807
   4.840	   97.6196	   65.4898
   4.842	   97.6317	   65.4957
   4.844	   97.6507	   65.5203
   4.846	   97.6597	   65.5111
   4.848	   97.6915	   65.4833
   4.850	   97.7140	   65.4413
   4.852	   97.7196	   65.4313
   4.854	   97.7036	   65.4490
   4.856	   97.6703	   65.4613
   4.858	   97.6615	   65.4699
   4.860	   97.6976	   65.4737
   4.862	   97.7187	   65.4670
   4.864	   97.7346	   65.4616
   4.866	   97.7479	   65.4289
   4.868	   97.7689	   65.3983
   4.870	   97.7878	   65.3691
   4.872	   97.7815	   65.3810
   4.874	   97.7350	   65.4107
   4.876	   97.7038	   65.4443
   4.878	   97.7255	   65.4480
   4.880	   97.7672	   65.4279
   4.882	   97.7847	   65.3943
   4.884	   97.7985	   65.3738
   4.886	   97.8102	   65.3522
   4.888	   97.8401	   65.3227
   4.890	   97.8512	   65.3102
   4.892	   97.8270	   65.3343
   4.894	   97.7881	   65.3699
   4.896	   97.7744	   65.3933
   4.898	   97.7970	   65.3924
   4.900	   97.8347	   65.3603
   4.902	   97.8568	   65.3240
   4.904	   97.8762	   65.3115
   4.906	   97.8861	   65.2811
   4.908	   97.9043	   65.2521
   4.910	   97.9042	   65.2535
   4.912	   97.8737	   65.2886
   4.914	   97.8433	   65.3278
   4.916	   97.8436	   65.3367
   4.918	   97.8779	   65.3111
   4.920	   97.9168	   65.2721
   4.922	   97.9375	   65.2484
   4.924	   97.9470	   65.2437
   4.926	   97.9613	   65.2173
   4.928	   97.9793	   65.2151
   4.930	   97.9532	   65.2169
   4.932	   97.9154	   65.2424
   4.934	   97.8907	   65.2608
   4.936	   97.9068	   65.2496
   4.938	   97.9390	   65.2216
   4.940	   97.9866	   65.1860
   4.942	   98.0041	   65.1709
   4.944	   98.0113	   65.1659
   4.946	   98.0092	   65.1668
   4.948	   98.0139	   65.1795
   4.950	   97.9925	   65.2057
   4.952	   97.9593	   65.2057
   4.954	   97.9348	   65.1906
   4.956	   97.9745	   65.1464
   4.958	   98.0326	   65.1284
   4.960	   98.0549	   65.1312
   4.962	   98.0412	   65.1595
   4.964	   98.0462	   65.1690
   4.966	   98.0685	   65.1467
   4.968	   98.0625	   65.1343
   4.970	   98.0291	   65.1230
   4.972	   98.0174	   65.1292
   4.974	   98.0398	   65.1211
   4.976	   98.0707	   65.1130
   4.978	   98.0953	   65.1089
   4.980	   98.0946	   65.1329
   4.982	   98.0801	   65.1429
   4.984	   98.0770	   65.1270
   4.986	   98.0937	   65.0942
   4.988	   98.1057	   65.0589
   4.990	   98.0848	   65.0499
   4.992	   98.0627	   65.0724
   4.994	   98.0807	   65.0868
   4.996	   98.1194	   65.0942
   4.998	   98.1341	   65.0975
   5.000	   98.1263	   65.0817
   5.002	   98.1220	   65.0586
   5.004	   98.1291	   65.0245
   5.006	   98.1464	   64.9949
   5.008	   98.1353	   65.0012
   5.010	   98.1078	   65.0393
   5.012	   98.1271	   65.0637
   5.014	   98.1603	   65.0474
   5.016	   98.1963	   65.0047
   5.018	   98.1970	   64.9786
   5.020	   98.1858	   64.9783
   5.022	   98.1835	   64.9845
   5.024	   98.2006	   64.9445
   5.026	   98.1911	   64.9385
   5.028	   98.1804	   64.9752
   5.030	   98.1747	   65.0165
   5.032	   98.2022	   65.0179
   5.034	   98.2335	   64.9745
   5.036	   98.2475	   64.9303
   5.038	   98.2342	   64.9129
   5.040	   98.2081	   64.9144
   5.042	   98.2132	   64.9097
   5.044	   98.2257	   64.9066
   5.046	   98.2252	   64.9396
   5.048	   98.2385	   64.9596
   5.050	   98.2449	   64.9518
   5.052	   98.2607	   64.9232
   5.054	   98.2788	   64.8748
   5.056	   98.2643	   64.8511
   5.058	   98.2508	   64.8526
   5.060	   98.2362	   64.8623
   5.062	   98.2420	   64.8776
   5.064	   98.2858	   64.8677
   5.066	   98.3021	   64.8782
   5.068	   98.2932	   64.8828
   5.070	   98.2875	   64.8607
   5.072	   98.2935	   64.8300
   5.074	   98.3065	   64.7847
   5.076	   98.3042	   64.7758
   5.078	   98.2704	   64.8189
   5.080	   98.2867	   64.8524
   5.082	   98.3206	   64.8586
   5.084	   98.3472	   64.8272
   5.086	   98.3276	   64.7992
   5.088	   98.3180	   64.7844
   5.090	   98.3076	   64.7689
   5.092	   98.3192	   64.7460
   5.094	   98.3243	   64.7632
   5.096	   98.3310	   64.8017
   5.098	   98.3408	   64.8260
   5.100	   98.3593	   64.8092
   5.102	   98.3762	   64.7573
   5.104	   98.3752	   64.7289
   5.106	   98.3542	   64.7403
   5.108	   98.3282	   64.7307
   5.110	   98.3374	   64.7220
   5.112	   98.3683	   64.7212
   5.114	   98.3987	   64.7504
   5.116	   98.4095	   64.7560
   5.118	   98.4010	   64.7438
   5.120	   98.4029	   64.7017
   5.122	   98.4065	   64.6590
   5.124	   98.4123	   64.6419
   5.126	   98.3857	   64.6602
