Time[sec]	 X[micron]	 Y[micron]
   0.000	   88.5931	   61.2512
   0.002	   88.5736	   61.2645
   0.004	   88.5400	   61.2445
   0.006	   88.4963	   61.2486
   0.008	   88.5107	   61.2997
   0.010	   88.5267	   61.2781
   0.012	   88.5618	   61.2277
   0.014	   88.6234	   61.2036
   0.016	   88.6504	   61.2453
   0.018	   88.6295	   61.2869
   0.020	   88.6442	   61.3047
   0.022	   88.6728	   61.2892
   0.024	   88.6556	   61.2993
   0.026	   88.6116	   61.3346
   0.028	   88.6210	   61.3581
   0.030	   88.6076	   61.3253
   0.032	   88.6276	   61.2987
   0.034	   88.6639	   61.2728
   0.036	   88.6624	   61.2863
   0.038	   88.7004	   61.3376
   0.040	   88.7263	   61.3580
   0.042	   88.7599	   61.3536
   0.044	   88.7409	   61.3560
   0.046	   88.7640	   61.3810
   0.048	   88.7172	   61.3986
   0.050	   88.7659	   61.4073
   0.052	   88.7883	   61.3912
   0.054	   88.7378	   61.3559
   0.056	   88.7321	   61.3723
   0.058	   88.7393	   61.3663
   0.060	   88.7741	   61.3604
   0.062	   88.8105	   61.3852
   0.064	   88.8389	   61.4188
   0.066	   88.8353	   61.4423
   0.068	   88.8179	   61.4438
   0.070	   88.8124	   61.4341
   0.072	   88.8169	   61.4472
   0.074	   88.7955	   61.4758
   0.076	   88.8228	   61.4880
   0.078	   88.8062	   61.4813
   0.080	   88.8272	   61.4353
   0.082	   88.8808	   61.4024
   0.084	   88.8979	   61.4239
   0.086	   88.8623	   61.4768
   0.088	   88.8836	   61.5096
   0.090	   88.9090	   61.5013
   0.092	   88.9212	   61.4898
   0.094	   88.8765	   61.5270
   0.096	   88.8452	   61.5552
   0.098	   88.8649	   61.5492
   0.100	   88.9023	   61.5355
   0.102	   88.9017	   61.4975
   0.104	   88.9380	   61.4988
   0.106	   88.9391	   61.5198
   0.108	   88.9710	   61.5370
   0.110	   89.0071	   61.5445
   0.112	   89.0090	   61.5392
   0.114	   88.9820	   61.5756
   0.116	   88.9250	   61.6106
   0.118	   88.9644	   61.5862
   0.120	   88.9744	   61.5493
   0.122	   88.9735	   61.5473
   0.124	   88.9974	   61.5459
   0.126	   88.9954	   61.5677
   0.128	   89.0303	   61.5751
   0.130	   89.0768	   61.5680
   0.132	   89.0781	   61.5711
   0.134	   89.0659	   61.6023
   0.136	   89.0260	   61.6460
   0.138	   89.0280	   61.6417
   0.140	   89.0722	   61.6221
   0.142	   89.0710	   61.6130
   0.144	   89.0405	   61.6197
   0.146	   89.0725	   61.6170
   0.148	   89.1206	   61.6101
   0.150	   89.1437	   61.6102
   0.152	   89.1587	   61.6346
   0.154	   89.1413	   61.6520
   0.156	   89.1232	   61.6719
   0.158	   89.1279	   61.6505
   0.160	   89.1480	   61.6611
   0.162	   89.1784	   61.6861
   0.164	   89.1428	   61.6915
   0.166	   89.1407	   61.6772
   0.168	   89.1558	   61.6312
   0.170	   89.1873	   61.6354
   0.172	   89.1884	   61.6751
   0.174	   89.1868	   61.7054
   0.176	   89.2269	   61.7147
   0.178	   89.2537	   61.6851
   0.180	   89.2446	   61.6704
   0.182	   89.2279	   61.7007
   0.184	   89.2491	   61.7413
   0.186	   89.2852	   61.7246
   0.188	   89.2866	   61.6889
   0.190	   89.2774	   61.6718
   0.192	   89.2734	   61.6854
   0.194	   89.2591	   61.7128
   0.196	   89.2863	   61.7290
   0.198	   89.3310	   61.7305
   0.200	   89.3756	   61.7339
   0.202	   89.3686	   61.7318
   0.204	   89.3467	   61.7494
   0.206	   89.3282	   61.7655
   0.208	   89.3498	   61.7596
   0.210	   89.3742	   61.7640
   0.212	   89.3368	   61.7617
   0.214	   89.3341	   61.7568
   0.216	   89.3801	   61.7292
   0.218	   89.3904	   61.7140
   0.220	   89.4230	   61.7550
   0.222	   89.4230	   61.7952
   0.224	   89.4368	   61.7964
   0.226	   89.4479	   61.7733
   0.228	   89.4410	   61.7831
   0.230	   89.4182	   61.8237
   0.232	   89.4351	   61.8352
   0.234	   89.4255	   61.8148
   0.236	   89.4254	   61.7884
   0.238	   89.4551	   61.7719
   0.240	   89.4462	   61.7776
   0.242	   89.4739	   61.8283
   0.244	   89.5038	   61.8425
   0.246	   89.5580	   61.8336
   0.248	   89.5536	   61.8148
   0.250	   89.5361	   61.8294
   0.252	   89.5043	   61.8787
   0.254	   89.5281	   61.8707
   0.256	   89.5423	   61.8385
   0.258	   89.5326	   61.8193
   0.260	   89.5244	   61.8302
   0.262	   89.5241	   61.8515
   0.264	   89.5551	   61.8461
   0.266	   89.6079	   61.8554
   0.268	   89.6456	   61.8843
   0.270	   89.6265	   61.8841
   0.272	   89.6178	   61.9039
   0.274	   89.5999	   61.8864
   0.276	   89.6388	   61.8877
   0.278	   89.6580	   61.8750
   0.280	   89.6209	   61.8958
   0.282	   89.6102	   61.8978
   0.284	   89.6675	   61.8554
   0.286	   89.6794	   61.8286
   0.288	   89.7140	   61.8640
   0.290	   89.7082	   61.8954
   0.292	   89.7284	   61.9211
   0.294	   89.7348	   61.8988
   0.296	   89.7393	   61.8873
   0.298	   89.7085	   61.9306
   0.300	   89.7029	   61.9408
   0.302	   89.7222	   61.9300
   0.304	   89.7236	   61.8991
   0.306	   89.7387	   61.8783
   0.308	   89.7696	   61.8864
   0.310	   89.7793	   61.9183
   0.312	   89.7931	   61.9316
   0.314	   89.8259	   61.9206
   0.316	   89.8299	   61.9112
   0.318	   89.8199	   61.9399
   0.320	   89.7972	   61.9711
   0.322	   89.8414	   61.9761
   0.324	   89.8390	   61.9368
   0.326	   89.8174	   61.9277
   0.328	   89.8324	   61.9294
   0.330	   89.8341	   61.9450
   0.332	   89.8518	   61.9524
   0.334	   89.8895	   61.9504
   0.336	   89.9097	   61.9674
   0.338	   89.8893	   61.9749
   0.340	   89.8783	   61.9966
   0.342	   89.8894	   61.9982
   0.344	   89.9369	   61.9888
   0.346	   89.9504	   61.9822
   0.348	   89.9133	   61.9777
   0.350	   89.9062	   61.9883
   0.352	   89.9161	   61.9772
   0.354	   89.9286	   61.9708
   0.356	   89.9605	   61.9920
   0.358	   89.9747	   62.0211
   0.360	   89.9915	   62.0200
   0.362	   90.0099	   62.0048
   0.364	   90.0070	   61.9891
   0.366	   90.0240	   62.0272
   0.368	   90.0164	   62.0286
   0.370	   90.0020	   62.0374
   0.372	   90.0205	   62.0086
   0.374	   90.0454	   61.9817
   0.376	   90.0415	   61.9868
   0.378	   90.0400	   62.0234
   0.380	   90.0678	   62.0263
   0.382	   90.1012	   62.0204
   0.384	   90.0924	   62.0122
   0.386	   90.0905	   62.0122
   0.388	   90.1388	   61.9933
   0.390	   90.1685	   61.9878
   0.392	   90.1766	   61.9805
   0.394	   90.1786	   61.9669
   0.396	   90.1315	   62.0230
   0.398	   90.1119	   62.0634
   0.400	   90.1423	   62.0602
   0.402	   90.1929	   62.0362
   0.404	   90.2017	   62.0327
   0.406	   90.2044	   62.0521
   0.408	   90.2063	   62.0564
   0.410	   90.2702	   62.0133
   0.412	   90.2940	   61.9978
   0.414	   90.2899	   62.0311
   0.416	   90.2614	   62.0522
   0.418	   90.2489	   62.0960
   0.420	   90.2383	   62.0856
   0.422	   90.2572	   62.0538
   0.424	   90.2590	   62.0457
   0.426	   90.2633	   62.0767
   0.428	   90.2885	   62.0694
   0.430	   90.3674	   62.0057
   0.432	   90.3788	   61.9557
   0.434	   90.3564	   61.9997
   0.436	   90.3433	   62.0502
   0.438	   90.3337	   62.0825
   0.440	   90.3098	   62.0841
   0.442	   90.3093	   62.0665
   0.444	   90.3058	   62.0722
   0.446	   90.3475	   62.0612
   0.448	   90.4241	   62.0206
   0.450	   90.4480	   61.9813
   0.452	   90.4511	   61.9555
   0.454	   90.4346	   61.9552
   0.456	   90.4290	   62.0277
   0.458	   90.4202	   62.0696
   0.460	   90.4067	   62.0638
   0.462	   90.4266	   62.0650
   0.464	   90.4357	   62.0657
   0.466	   90.4261	   62.0305
   0.468	   90.4373	   61.9959
   0.470	   90.4916	   61.9806
   0.472	   90.5087	   61.9939
   0.474	   90.4884	   62.0204
   0.476	   90.4868	   62.0352
   0.478	   90.5152	   62.0441
   0.480	   90.5419	   62.0627
   0.482	   90.5335	   62.0502
   0.484	   90.5138	   62.0875
   0.486	   90.5006	   62.0827
   0.488	   90.5549	   62.0289
   0.490	   90.5627	   62.0113
   0.492	   90.5720	   62.0253
   0.494	   90.5760	   62.0597
   0.496	   90.5769	   62.0503
   0.498	   90.5880	   62.0542
   0.500	   90.6018	   62.0532
   0.502	   90.6239	   62.0674
   0.504	   90.6206	   62.0702
   0.506	   90.6076	   62.0715
   0.508	   90.6274	   62.0453
   0.510	   90.6496	   62.0494
   0.512	   90.6447	   62.0593
   0.514	   90.6593	   62.0788
   0.516	   90.6974	   62.0776
   0.518	   90.6941	   62.0613
   0.520	   90.6979	   62.0647
   0.522	   90.6683	   62.0894
   0.524	   90.7005	   62.1448
   0.526	   90.7292	   62.0916
   0.528	   90.7361	   62.0750
   0.530	   90.7141	   62.0803
   0.532	   90.7088	   62.0902
   0.534	   90.7097	   62.1137
   0.536	   90.7360	   62.0905
   0.538	   90.7855	   62.0799
   0.540	   90.7819	   62.0613
   0.542	   90.7607	   62.0883
   0.544	   90.7423	   62.1031
   0.546	   90.7801	   62.0790
   0.548	   90.8608	   62.0584
   0.550	   90.8569	   62.0619
   0.552	   90.8353	   62.0718
   0.554	   90.8139	   62.0749
   0.556	   90.8340	   62.0801
   0.558	   90.8360	   62.0915
   0.560	   90.8375	   62.0977
   0.562	   90.8387	   62.1037
   0.564	   90.8466	   62.0939
   0.566	   90.8630	   62.0973
   0.568	   90.8712	   62.0852
   0.570	   90.8623	   62.0834
   0.572	   90.9079	   62.0705
   0.574	   90.9288	   62.0894
   0.576	   90.9456	   62.0765
   0.578	   90.9317	   62.0815
   0.580	   90.8848	   62.0967
   0.582	   90.9027	   62.1189
   0.584	   90.9233	   62.1068
   0.586	   90.9522	   62.0852
   0.588	   90.9626	   62.0838
   0.590	   90.9547	   62.0953
   0.592	   90.9491	   62.1219
   0.594	   90.9437	   62.1122
   0.596	   91.0164	   62.0929
   0.598	   91.0557	   62.0811
   0.600	   91.0196	   62.0902
   0.602	   91.0030	   62.1044
   0.604	   91.0086	   62.0824
   0.606	   91.0254	   62.0788
   0.608	   91.0276	   62.0919
   0.610	   91.0350	   62.1070
   0.612	   91.0597	   62.1150
   0.614	   91.0666	   62.1004
   0.616	   91.0586	   62.0874
   0.618	   91.0722	   62.1272
   0.620	   91.1112	   62.1464
   0.622	   91.1098	   62.1285
   0.624	   91.1095	   62.1067
   0.626	   91.1189	   62.0940
   0.628	   91.1293	   62.0967
   0.630	   91.0991	   62.1147
   0.632	   91.1286	   62.1262
   0.634	   91.1649	   62.0999
   0.636	   91.1600	   62.0938
   0.638	   91.1550	   62.0834
   0.640	   91.1439	   62.1219
   0.642	   91.2174	   62.1310
   0.644	   91.2139	   62.1169
   0.646	   91.2167	   62.1001
   0.648	   91.1952	   62.1059
   0.650	   91.1933	   62.1305
   0.652	   91.2050	   62.1317
   0.654	   91.2387	   62.1161
   0.656	   91.2663	   62.1044
   0.658	   91.2618	   62.1094
   0.660	   91.2508	   62.1116
   0.662	   91.2572	   62.0844
   0.664	   91.2699	   62.0839
   0.666	   91.3271	   62.0951
   0.668	   91.2906	   62.1020
   0.670	   91.2886	   62.0981
   0.672	   91.2930	   62.1257
   0.674	   91.2900	   62.1245
   0.676	   91.3155	   62.1180
   0.678	   91.3565	   62.1241
   0.680	   91.3646	   62.1228
   0.682	   91.3678	   62.0995
   0.684	   91.3778	   62.0715
   0.686	   91.3738	   62.0588
   0.688	   91.3623	   62.0304
   0.690	   91.3791	   62.0568
   0.692	   91.4113	   62.0558
   0.694	   91.4139	   62.0629
   0.696	   91.4031	   62.1032
   0.698	   91.3884	   62.1585
   0.700	   91.3937	   62.1637
   0.702	   91.4236	   62.1244
   0.704	   91.4523	   62.1003
   0.706	   91.4649	   62.0515
   0.708	   91.4566	   62.0382
   0.710	   91.4476	   62.0129
   0.712	   91.4502	   61.9804
   0.714	   91.4778	   62.0004
   0.716	   91.5069	   62.0565
   0.718	   91.5120	   62.1055
   0.720	   91.5085	   62.1239
   0.722	   91.5137	   62.1037
   0.724	   91.5106	   62.0733
   0.726	   91.5103	   62.0393
   0.728	   91.4847	   62.0224
   0.730	   91.5000	   62.0222
   0.732	   91.5266	   62.0177
   0.734	   91.5658	   62.0062
   0.736	   91.5619	   62.0189
   0.738	   91.5858	   62.0720
   0.740	   91.5793	   62.0705
   0.742	   91.5958	   62.0644
   0.744	   91.5624	   62.0342
   0.746	   91.5752	   62.0499
   0.748	   91.5670	   62.0490
   0.750	   91.5871	   62.0286
   0.752	   91.6058	   62.0170
   0.754	   91.6376	   62.0070
   0.756	   91.6568	   62.0277
   0.758	   91.6442	   62.0408
   0.760	   91.6525	   62.0450
   0.762	   91.6760	   62.0299
   0.764	   91.6737	   62.0116
   0.766	   91.6601	   62.0409
   0.768	   91.6397	   62.0402
   0.770	   91.6625	   62.0601
   0.772	   91.6718	   62.0366
   0.774	   91.7007	   62.0338
   0.776	   91.6958	   62.0402
   0.778	   91.7268	   62.0480
   0.780	   91.7587	   62.0316
   0.782	   91.7516	   62.0084
   0.784	   91.7795	   62.0028
   0.786	   91.7741	   62.0296
   0.788	   91.7645	   62.0275
   0.790	   91.7349	   62.0011
   0.792	   91.7666	   62.0030
   0.794	   91.7562	   62.0159
   0.796	   91.7637	   62.0345
   0.798	   91.7691	   62.0293
   0.800	   91.8007	   62.0000
   0.802	   91.8388	   61.9876
   0.804	   91.8382	   61.9847
   0.806	   91.8232	   61.9997
   0.808	   91.8235	   61.9945
   0.810	   91.8636	   61.9828
   0.812	   91.8684	   61.9805
   0.814	   91.8494	   61.9879
   0.816	   91.8291	   62.0243
   0.818	   91.8506	   62.0254
   0.820	   91.8778	   62.0026
   0.822	   91.8996	   61.9919
   0.824	   91.9084	   61.9820
   0.826	   91.9166	   61.9911
   0.828	   91.9280	   61.9786
   0.830	   91.9574	   61.9591
   0.832	   91.9569	   61.9169
   0.834	   91.9350	   61.9330
   0.836	   91.9287	   61.9546
   0.838	   91.9267	   61.9408
   0.840	   91.9325	   61.9474
   0.842	   91.9429	   61.9886
   0.844	   91.9575	   62.0337
   0.846	   91.9560	   62.0100
   0.848	   91.9934	   61.9776
   0.850	   92.0211	   61.9451
   0.852	   92.0409	   61.9478
   0.854	   92.0064	   61.9298
   0.856	   91.9626	   61.8970
   0.858	   91.9725	   61.8513
   0.860	   92.0243	   61.8798
   0.862	   92.0501	   61.9227
   0.864	   92.0232	   61.9644
   0.866	   92.0162	   62.0021
   0.868	   92.0535	   61.9946
   0.870	   92.0700	   61.9353
   0.872	   92.0689	   61.8944
   0.874	   92.0289	   61.8758
   0.876	   92.0397	   61.8799
   0.878	   92.0618	   61.8609
   0.880	   92.0716	   61.8571
   0.882	   92.0732	   61.8714
   0.884	   92.0912	   61.8935
   0.886	   92.1438	   61.9248
   0.888	   92.1554	   61.8951
   0.890	   92.1303	   61.8886
   0.892	   92.1114	   61.9279
   0.894	   92.0939	   61.9200
   0.896	   92.1001	   61.8800
   0.898	   92.1657	   61.8486
   0.900	   92.1916	   61.8427
   0.902	   92.1833	   61.8669
   0.904	   92.1635	   61.8616
   0.906	   92.1661	   61.8515
   0.908	   92.2031	   61.8289
   0.910	   92.2367	   61.8122
   0.912	   92.2159	   61.8523
   0.914	   92.1991	   61.8606
   0.916	   92.1828	   61.8499
   0.918	   92.2087	   61.8314
   0.920	   92.2058	   61.8426
   0.922	   92.1995	   61.8489
   0.924	   92.2352	   61.8487
   0.926	   92.2783	   61.8280
   0.928	   92.3008	   61.7855
   0.930	   92.2867	   61.7815
   0.932	   92.2645	   61.7861
   0.934	   92.3046	   61.8070
   0.936	   92.3136	   61.8030
   0.938	   92.3240	   61.7770
   0.940	   92.2963	   61.8148
   0.942	   92.2834	   61.8355
   0.944	   92.2703	   61.8076
   0.946	   92.3068	   61.7722
   0.948	   92.3395	   61.7528
   0.950	   92.3690	   61.7516
   0.952	   92.3528	   61.7712
   0.954	   92.3639	   61.7337
   0.956	   92.4022	   61.6992
   0.958	   92.4332	   61.7152
   0.960	   92.4091	   61.7303
   0.962	   92.3353	   61.7749
   0.964	   92.3775	   61.7852
   0.966	   92.3758	   61.7530
   0.968	   92.3813	   61.7276
   0.970	   92.3911	   61.7282
   0.972	   92.4057	   61.7165
   0.974	   92.4346	   61.7061
   0.976	   92.4936	   61.6627
   0.978	   92.4496	   61.6581
   0.980	   92.4052	   61.6575
   0.982	   92.4408	   61.6664
   0.984	   92.4795	   61.6664
   0.986	   92.4713	   61.6651
   0.988	   92.4622	   61.6788
   0.990	   92.4532	   61.7259
   0.992	   92.4401	   61.7107
   0.994	   92.4539	   61.6546
   0.996	   92.4907	   61.6349
   0.998	   92.5186	   61.6403
   1.000	   92.5080	   61.6444
   1.002	   92.5008	   61.6226
   1.004	   92.5168	   61.5860
   1.006	   92.5782	   61.5729
   1.008	   92.5486	   61.5876
   1.010	   92.5276	   61.6064
   1.012	   92.5219	   61.6171
   1.014	   92.5331	   61.6017
   1.016	   92.5521	   61.6064
   1.018	   92.5423	   61.6019
   1.020	   92.5418	   61.6224
   1.022	   92.5659	   61.6023
   1.024	   92.5956	   61.5569
   1.026	   92.6184	   61.5373
   1.028	   92.5782	   61.5189
   1.030	   92.5964	   61.5445
   1.032	   92.5985	   61.5520
   1.034	   92.6411	   61.5111
   1.036	   92.6409	   61.5048
   1.038	   92.6180	   61.5417
   1.040	   92.6268	   61.5765
   1.042	   92.6182	   61.5544
   1.044	   92.6501	   61.5249
   1.046	   92.6724	   61.5061
   1.048	   92.6835	   61.4899
   1.050	   92.6783	   61.5038
   1.052	   92.6678	   61.4659
   1.054	   92.7015	   61.4342
   1.056	   92.7162	   61.4646
   1.058	   92.7138	   61.4673
   1.060	   92.6943	   61.4622
   1.062	   92.7049	   61.4881
   1.064	   92.7055	   61.4686
   1.066	   92.6870	   61.4590
   1.068	   92.7002	   61.4543
   1.070	   92.7212	   61.4475
   1.072	   92.7593	   61.4181
   1.074	   92.7789	   61.4037
   1.076	   92.7504	   61.3985
   1.078	   92.7725	   61.4244
   1.080	   92.7811	   61.4146
   1.082	   92.7748	   61.3966
   1.084	   92.7659	   61.3888
   1.086	   92.7819	   61.4313
   1.088	   92.7688	   61.4489
   1.090	   92.7789	   61.4353
   1.092	   92.8083	   61.3961
   1.094	   92.8387	   61.3788
   1.096	   92.8523	   61.3589
   1.098	   92.8348	   61.3717
   1.100	   92.8362	   61.3524
   1.102	   92.8792	   61.3358
   1.104	   92.9000	   61.3224
   1.106	   92.8477	   61.3492
   1.108	   92.8550	   61.3896
   1.110	   92.8673	   61.3799
   1.112	   92.8817	   61.3751
   1.114	   92.9022	   61.3641
   1.116	   92.9100	   61.3445
   1.118	   92.9357	   61.3421
   1.120	   92.9569	   61.3025
   1.122	   92.9564	   61.2769
   1.124	   92.9279	   61.2830
   1.126	   92.9577	   61.2899
   1.128	   92.9579	   61.2841
   1.130	   92.9543	   61.2881
   1.132	   92.9604	   61.2992
   1.134	   92.9637	   61.2988
   1.136	   92.9676	   61.3134
   1.138	   92.9751	   61.3093
   1.140	   93.0110	   61.2656
   1.142	   93.0436	   61.2207
   1.144	   93.0125	   61.2382
   1.146	   92.9889	   61.2285
   1.148	   93.0159	   61.2440
   1.150	   93.0744	   61.2170
   1.152	   93.0549	   61.2261
   1.154	   93.0137	   61.2451
   1.156	   93.0400	   61.2737
   1.158	   93.0155	   61.2577
   1.160	   93.0534	   61.2339
   1.162	   93.0823	   61.1939
   1.164	   93.0884	   61.1837
   1.166	   93.0928	   61.1789
   1.168	   93.0811	   61.1642
   1.170	   93.0820	   61.1407
   1.172	   93.0872	   61.1407
   1.174	   93.1319	   61.1568
   1.176	   93.1266	   61.1774
   1.178	   93.1234	   61.1637
   1.180	   93.1336	   61.1590
   1.182	   93.1311	   61.1697
   1.184	   93.1230	   61.1893
   1.186	   93.1376	   61.1681
   1.188	   93.1642	   61.1438
   1.190	   93.1829	   61.0940
   1.192	   93.1959	   61.0838
   1.194	   93.1700	   61.1017
   1.196	   93.1557	   61.0920
   1.198	   93.1982	   61.0721
   1.200	   93.2354	   61.0477
   1.202	   93.2212	   61.0654
   1.204	   93.1920	   61.1053
   1.206	   93.1923	   61.1121
   1.208	   93.2146	   61.0923
   1.210	   93.2373	   61.0743
   1.212	   93.2520	   61.0509
   1.214	   93.2556	   61.0287
   1.216	   93.2537	   61.0329
   1.218	   93.2521	   61.0083
   1.220	   93.2645	   60.9937
   1.222	   93.2950	   60.9883
   1.224	   93.2750	   61.0084
   1.226	   93.2484	   61.0119
   1.228	   93.2645	   61.0185
   1.230	   93.2761	   61.0207
   1.232	   93.2895	   61.0298
   1.234	   93.2852	   61.0292
   1.236	   93.3279	   61.0055
   1.238	   93.3536	   60.9557
   1.240	   93.3674	   60.9371
   1.242	   93.3338	   60.9369
   1.244	   93.3140	   60.9517
   1.246	   93.3435	   60.9377
   1.248	   93.3636	   60.9202
   1.250	   93.3343	   60.9227
   1.252	   93.3212	   60.9576
   1.254	   93.3143	   60.9820
   1.256	   93.3572	   60.9712
   1.258	   93.3836	   60.9388
   1.260	   93.4176	   60.9109
   1.262	   93.4152	   60.8987
   1.264	   93.4153	   60.8816
   1.266	   93.4154	   60.8683
   1.268	   93.4127	   60.8660
   1.270	   93.4391	   60.8593
   1.272	   93.4265	   60.8912
   1.274	   93.4042	   60.8896
   1.276	   93.4233	   60.8886
   1.278	   93.4503	   60.8995
   1.280	   93.4520	   60.9042
   1.282	   93.4485	   60.8990
   1.284	   93.4899	   60.8670
   1.286	   93.5039	   60.8182
   1.288	   93.5236	   60.7856
   1.290	   93.5202	   60.7989
   1.292	   93.4784	   60.7972
   1.294	   93.4909	   60.7957
   1.296	   93.4809	   60.7830
   1.298	   93.4953	   60.7769
   1.300	   93.4947	   60.8219
   1.302	   93.4968	   60.8494
   1.304	   93.5156	   60.8310
   1.306	   93.5582	   60.7651
   1.308	   93.5780	   60.7142
   1.310	   93.5763	   60.7067
   1.312	   93.5339	   60.7137
   1.314	   93.5310	   60.7200
   1.316	   93.5647	   60.7000
   1.318	   93.5969	   60.6866
   1.320	   93.5460	   60.7153
   1.322	   93.5398	   60.7458
   1.324	   93.5326	   60.7526
   1.326	   93.5604	   60.7145
   1.328	   93.5795	   60.6934
   1.330	   93.5891	   60.6949
   1.332	   93.5897	   60.6798
   1.334	   93.6052	   60.6517
   1.336	   93.6134	   60.6231
   1.338	   93.6027	   60.6179
   1.340	   93.6083	   60.6510
   1.342	   93.6107	   60.6461
   1.344	   93.5916	   60.6423
   1.346	   93.6093	   60.6256
   1.348	   93.6271	   60.6589
   1.350	   93.6125	   60.6748
   1.352	   93.6119	   60.6642
   1.354	   93.6359	   60.6019
   1.356	   93.6724	   60.5504
   1.358	   93.6961	   60.5412
   1.360	   93.6669	   60.5508
   1.362	   93.6328	   60.5716
   1.364	   93.6761	   60.5228
   1.366	   93.6976	   60.4992
   1.368	   93.6604	   60.5314
   1.370	   93.6329	   60.5699
   1.372	   93.6453	   60.5709
   1.374	   93.6778	   60.5551
   1.376	   93.7118	   60.5209
   1.378	   93.7189	   60.4977
   1.380	   93.7218	   60.4958
   1.382	   93.7352	   60.4792
   1.384	   93.7403	   60.4319
   1.386	   93.7532	   60.4352
   1.388	   93.7738	   60.4348
   1.390	   93.7537	   60.4562
   1.392	   93.7516	   60.4543
   1.394	   93.7669	   60.4706
   1.396	   93.7647	   60.4700
   1.398	   93.7371	   60.4775
   1.400	   93.7385	   60.4643
   1.402	   93.7675	   60.4116
   1.404	   93.8181	   60.3611
   1.406	   93.7993	   60.3601
   1.408	   93.7852	   60.3432
   1.410	   93.7772	   60.3687
   1.412	   93.8102	   60.3464
   1.414	   93.8193	   60.3396
   1.416	   93.7852	   60.3525
   1.418	   93.7869	   60.3942
   1.420	   93.7507	   60.4058
   1.422	   93.7992	   60.3588
   1.424	   93.8370	   60.3189
   1.426	   93.8531	   60.2826
   1.428	   93.8541	   60.2784
   1.430	   93.8356	   60.2793
   1.432	   93.8667	   60.2645
   1.434	   93.9036	   60.2502
   1.436	   93.9011	   60.2721
   1.438	   93.8409	   60.3315
   1.440	   93.8411	   60.3419
   1.442	   93.8450	   60.2778
   1.444	   93.8439	   60.2465
   1.446	   93.8768	   60.2457
   1.448	   93.8845	   60.2557
   1.450	   93.9098	   60.2281
   1.452	   93.9006	   60.1858
   1.454	   93.9235	   60.1875
   1.456	   93.9286	   60.1989
   1.458	   93.8998	   60.2465
   1.460	   93.9173	   60.2585
   1.462	   93.9262	   60.2458
   1.464	   93.9109	   60.2031
   1.466	   93.9004	   60.1922
   1.468	   93.9136	   60.1727
   1.470	   93.9542	   60.1395
   1.472	   93.9798	   60.1059
   1.474	   93.9646	   60.1162
   1.476	   93.9675	   60.1273
   1.478	   93.9859	   60.1456
   1.480	   93.9679	   60.1535
   1.482	   93.9621	   60.1618
   1.484	   93.9548	   60.1557
   1.486	   93.9393	   60.1372
   1.488	   93.9479	   60.1258
   1.490	   93.9936	   60.0923
   1.492	   94.0174	   60.0599
   1.494	   94.0141	   60.0498
   1.496	   93.9888	   60.0519
   1.498	   94.0210	   60.0458
   1.500	   94.0370	   60.0437
   1.502	   94.0237	   60.0492
   1.504	   94.0080	   60.0710
   1.506	   93.9998	   60.0761
   1.508	   94.0027	   60.0571
   1.510	   94.0292	   60.0150
   1.512	   94.0618	   59.9924
   1.514	   94.0735	   59.9890
   1.516	   94.0361	   59.9916
   1.518	   94.0356	   59.9784
   1.520	   94.0897	   59.9460
   1.522	   94.0875	   59.9625
   1.524	   94.0415	   59.9968
   1.526	   94.0431	   60.0245
   1.528	   94.0441	   60.0094
   1.530	   94.0898	   59.9489
   1.532	   94.1139	   59.9310
   1.534	   94.1126	   59.9265
   1.536	   94.1016	   59.9223
   1.538	   94.1103	   59.9093
   1.540	   94.1425	   59.8631
   1.542	   94.1649	   59.8548
   1.544	   94.1176	   59.9015
   1.546	   94.0846	   59.9500
   1.548	   94.1077	   59.9400
   1.550	   94.0753	   59.9122
   1.552	   94.1052	   59.8759
   1.554	   94.1271	   59.8506
   1.556	   94.1204	   59.8321
   1.558	   94.1455	   59.7942
   1.560	   94.1399	   59.7775
   1.562	   94.1412	   59.7995
   1.564	   94.1484	   59.7793
   1.566	   94.1370	   59.8108
   1.568	   94.1328	   59.8243
   1.570	   94.1743	   59.8062
   1.572	   94.1380	   59.8059
   1.574	   94.1240	   59.8237
   1.576	   94.1352	   59.7965
   1.578	   94.1709	   59.7239
   1.580	   94.1892	   59.7028
   1.582	   94.1672	   59.6934
   1.584	   94.1325	   59.7184
   1.586	   94.1667	   59.7118
   1.588	   94.2048	   59.6760
   1.590	   94.2001	   59.6798
   1.592	   94.1809	   59.7086
   1.594	   94.1768	   59.7331
   1.596	   94.1625	   59.7339
   1.598	   94.1651	   59.6885
   1.600	   94.1988	   59.6348
   1.602	   94.2054	   59.6313
   1.604	   94.1867	   59.6391
   1.606	   94.1831	   59.6173
   1.608	   94.1870	   59.5827
   1.610	   94.2144	   59.5474
   1.612	   94.2087	   59.5751
   1.614	   94.1860	   59.5979
   1.616	   94.1856	   59.6369
   1.618	   94.2219	   59.5830
   1.620	   94.1954	   59.5791
   1.622	   94.1912	   59.5773
   1.624	   94.1973	   59.5668
   1.626	   94.2200	   59.5298
   1.628	   94.2364	   59.5005
   1.630	   94.2266	   59.4915
   1.632	   94.2368	   59.4967
   1.634	   94.2673	   59.5049
   1.636	   94.2598	   59.5083
   1.638	   94.2589	   59.5106
   1.640	   94.2522	   59.5191
   1.642	   94.2290	   59.5396
   1.644	   94.2274	   59.5264
   1.646	   94.2575	   59.4861
   1.648	   94.2765	   59.4459
   1.650	   94.2705	   59.4253
   1.652	   94.2336	   59.4396
   1.654	   94.2230	   59.4494
   1.656	   94.2581	   59.4183
   1.658	   94.2959	   59.3971
   1.660	   94.2688	   59.4243
   1.662	   94.2426	   59.4718
   1.664	   94.2263	   59.4737
   1.666	   94.2370	   59.4537
   1.668	   94.2666	   59.4098
   1.670	   94.2785	   59.3982
   1.672	   94.2613	   59.3992
   1.674	   94.2664	   59.3400
   1.676	   94.2619	   59.3244
   1.678	   94.2647	   59.3352
   1.680	   94.2724	   59.3340
   1.682	   94.2614	   59.3478
   1.684	   94.2468	   59.3524
   1.686	   94.2589	   59.3567
   1.688	   94.2656	   59.3467
   1.690	   94.2398	   59.3541
   1.692	   94.2665	   59.3299
   1.694	   94.2922	   59.2924
   1.696	   94.3100	   59.2483
   1.698	   94.2987	   59.2341
   1.700	   94.2786	   59.2423
   1.702	   94.2849	   59.2497
   1.704	   94.3087	   59.2521
   1.706	   94.3235	   59.2530
   1.708	   94.3094	   59.2737
   1.710	   94.2643	   59.2847
   1.712	   94.2703	   59.2606
   1.714	   94.2927	   59.2433
   1.716	   94.3199	   59.1888
   1.718	   94.3452	   59.1576
   1.720	   94.3061	   59.1668
   1.722	   94.2982	   59.1682
   1.724	   94.3286	   59.1513
   1.726	   94.3569	   59.1388
   1.728	   94.3310	   59.1877
   1.730	   94.2971	   59.2277
   1.732	   94.3021	   59.2232
   1.734	   94.3097	   59.1880
   1.736	   94.3403	   59.1494
   1.738	   94.3514	   59.1153
   1.740	   94.3402	   59.1192
   1.742	   94.3392	   59.0847
   1.744	   94.3452	   59.0624
   1.746	   94.3614	   59.0503
   1.748	   94.3569	   59.0794
   1.750	   94.3463	   59.1135
   1.752	   94.3287	   59.1226
   1.754	   94.3602	   59.1109
   1.756	   94.3624	   59.0868
   1.758	   94.3210	   59.0604
   1.760	   94.3315	   59.0677
   1.762	   94.3430	   59.0449
   1.764	   94.3646	   58.9698
   1.766	   94.3671	   58.9702
   1.768	   94.3351	   59.0020
   1.770	   94.3300	   58.9882
   1.772	   94.3533	   58.9736
   1.774	   94.3711	   58.9810
   1.776	   94.3640	   59.0204
   1.778	   94.3625	   59.0282
   1.780	   94.3302	   59.0056
   1.782	   94.3234	   58.9894
   1.784	   94.3307	   58.9553
   1.786	   94.3472	   58.9369
   1.788	   94.3243	   58.9560
   1.790	   94.3133	   58.9541
   1.792	   94.3152	   58.9041
   1.794	   94.3349	   58.8661
   1.796	   94.3463	   58.8913
   1.798	   94.3256	   58.9246
   1.800	   94.3296	   58.9558
   1.802	   94.3611	   58.9232
   1.804	   94.3639	   58.9158
   1.806	   94.3422	   58.9222
   1.808	   94.3010	   58.9098
   1.810	   94.3260	   58.8754
   1.812	   94.3347	   58.8314
   1.814	   94.3365	   58.7980
   1.816	   94.2958	   58.8336
   1.818	   94.2854	   58.8446
   1.820	   94.3178	   58.8450
   1.822	   94.3408	   58.8116
   1.824	   94.3455	   58.8321
   1.826	   94.3436	   58.8551
   1.828	   94.3186	   58.8774
   1.830	   94.3242	   58.8443
   1.832	   94.3265	   58.7966
   1.834	   94.3321	   58.7729
   1.836	   94.3059	   58.7741
   1.838	   94.2997	   58.7496
   1.840	   94.2899	   58.7377
   1.842	   94.3214	   58.6805
   1.844	   94.3237	   58.6952
   1.846	   94.2830	   58.7718
   1.848	   94.2908	   58.7987
   1.850	   94.3342	   58.7828
   1.852	   94.3317	   58.7413
   1.854	   94.3250	   58.7291
   1.856	   94.2820	   58.7011
   1.858	   94.2775	   58.6791
   1.860	   94.2895	   58.6294
   1.862	   94.2994	   58.6087
   1.864	   94.2737	   58.6204
   1.866	   94.2685	   58.6260
   1.868	   94.2627	   58.6432
   1.870	   94.2714	   58.6547
   1.872	   94.2970	   58.6443
   1.874	   94.2916	   58.6786
   1.876	   94.2758	   58.6813
   1.878	   94.2776	   58.6451
   1.880	   94.2846	   58.5762
   1.882	   94.2869	   58.5383
   1.884	   94.2684	   58.5442
   1.886	   94.2429	   58.5600
   1.888	   94.2484	   58.5516
   1.890	   94.2625	   58.4914
   1.892	   94.2797	   58.5218
   1.894	   94.2441	   58.5622
   1.896	   94.2324	   58.5882
   1.898	   94.2749	   58.5704
   1.900	   94.2995	   58.5465
   1.902	   94.2900	   58.5159
   1.904	   94.2631	   58.4971
   1.906	   94.2467	   58.4825
   1.908	   94.2586	   58.4255
   1.910	   94.2705	   58.4067
   1.912	   94.2218	   58.4218
   1.914	   94.1928	   58.4675
   1.916	   94.1747	   58.4573
   1.918	   94.2095	   58.4489
   1.920	   94.2650	   58.4296
   1.922	   94.3128	   58.4368
   1.924	   94.3119	   58.4673
   1.926	   94.2784	   58.4458
   1.928	   94.2543	   58.3941
   1.930	   94.2351	   58.3417
   1.932	   94.1720	   58.3639
   1.934	   94.1303	   58.3830
   1.936	   94.0968	   58.3949
   1.938	   94.1439	   58.3644
   1.940	   94.1783	   58.3327
   1.942	   94.2010	   58.3366
   1.944	   94.2029	   58.3392
   1.946	   94.2310	   58.3411
   1.948	   94.2580	   58.3218
   1.950	   94.2216	   58.3293
   1.952	   94.1594	   58.3490
   1.954	   94.0905	   58.3762
   1.956	   94.1042	   58.3435
   1.958	   94.1321	   58.2891
   1.960	   94.1538	   58.2424
   1.962	   94.1444	   58.2453
   1.964	   94.1600	   58.2433
   1.966	   94.1801	   58.2367
   1.968	   94.2008	   58.2222
   1.970	   94.2038	   58.2598
   1.972	   94.1528	   58.2984
   1.974	   94.1042	   58.3091
   1.976	   94.1204	   58.2760
   1.978	   94.1353	   58.2267
   1.980	   94.1377	   58.1911
   1.982	   94.1254	   58.1813
   1.984	   94.1014	   58.1819
   1.986	   94.1366	   58.1405
   1.988	   94.1659	   58.1177
   1.990	   94.1537	   58.1502
   1.992	   94.1334	   58.1968
   1.994	   94.1022	   58.2177
   1.996	   94.1204	   58.2100
   1.998	   94.1219	   58.1694
   2.000	   94.1282	   58.1501
   2.002	   94.0978	   58.1554
   2.004	   94.0983	   58.1188
   2.006	   94.1144	   58.0759
   2.008	   94.1217	   58.0422
   2.010	   94.1069	   58.0554
   2.012	   94.0989	   58.0892
   2.014	   94.0933	   58.1134
   2.016	   94.1266	   58.1043
   2.018	   94.0977	   58.0936
   2.020	   94.0970	   58.1108
   2.022	   94.0775	   58.1012
   2.024	   94.0861	   58.0517
   2.026	   94.1175	   57.9947
   2.028	   94.1171	   57.9603
   2.030	   94.0867	   57.9724
   2.032	   94.0632	   57.9717
   2.034	   94.0814	   57.9754
   2.036	   94.1167	   57.9844
   2.038	   94.1166	   57.9933
   2.040	   94.1119	   58.0158
   2.042	   94.0847	   58.0416
   2.044	   94.0854	   58.0285
   2.046	   94.0940	   57.9609
   2.048	   94.1003	   57.9254
   2.050	   94.0526	   57.9131
   2.052	   94.0437	   57.9108
   2.054	   94.0428	   57.8863
   2.056	   94.0660	   57.8574
   2.058	   94.0610	   57.8704
   2.060	   94.0292	   57.9073
   2.062	   94.0222	   57.9146
   2.064	   94.0687	   57.9045
   2.066	   94.0760	   57.8954
   2.068	   94.0706	   57.8791
   2.070	   94.0411	   57.9042
   2.072	   94.0221	   57.8591
   2.074	   94.0167	   57.8094
   2.076	   94.0296	   57.7752
   2.078	   94.0121	   57.7821
   2.080	   93.9896	   57.8031
   2.082	   94.0031	   57.8040
   2.084	   94.0227	   57.7795
   2.086	   94.0555	   57.7919
   2.088	   94.0305	   57.8112
   2.090	   94.0053	   57.8583
   2.092	   94.0068	   57.8350
   2.094	   94.0221	   57.7651
   2.096	   94.0161	   57.7253
   2.098	   93.9846	   57.6994
   2.100	   93.9662	   57.7083
   2.102	   93.9834	   57.6830
   2.104	   94.0155	   57.6535
   2.106	   94.0300	   57.6691
   2.108	   94.0248	   57.7112
   2.110	   94.0175	   57.7350
   2.112	   94.0018	   57.7398
   2.114	   94.0018	   57.7184
   2.116	   94.0193	   57.6930
   2.118	   93.9838	   57.6736
   2.120	   93.9535	   57.6500
   2.122	   93.9579	   57.6124
   2.124	   93.9706	   57.5739
   2.126	   93.9629	   57.5656
   2.128	   93.9697	   57.5694
   2.130	   93.9809	   57.6073
   2.132	   93.9785	   57.6059
   2.134	   93.9999	   57.6217
   2.136	   93.9624	   57.6237
   2.138	   93.9560	   57.6537
   2.140	   93.9400	   57.6165
   2.142	   93.9450	   57.5571
   2.144	   93.9697	   57.5107
   2.146	   93.9495	   57.5163
   2.148	   93.9149	   57.5292
   2.150	   93.9377	   57.5101
   2.152	   93.9747	   57.4979
   2.154	   93.9876	   57.5116
   2.156	   93.9890	   57.5348
   2.158	   93.9542	   57.5788
   2.160	   93.9424	   57.5860
   2.162	   93.9534	   57.5335
   2.164	   93.9605	   57.4688
   2.166	   93.9369	   57.4511
   2.168	   93.9103	   57.4547
   2.170	   93.8951	   57.4511
   2.172	   93.9345	   57.4009
   2.174	   93.9725	   57.4007
   2.176	   93.9637	   57.4299
   2.178	   93.9307	   57.4651
   2.180	   93.9418	   57.4778
   2.182	   93.9402	   57.4654
   2.184	   93.9362	   57.4502
   2.186	   93.8996	   57.4474
   2.188	   93.8800	   57.4222
   2.190	   93.8832	   57.3717
   2.192	   93.8988	   57.3320
   2.194	   93.9035	   57.3302
   2.196	   93.8837	   57.3203
   2.198	   93.8827	   57.3586
   2.200	   93.8887	   57.3674
   2.202	   93.9227	   57.3650
   2.204	   93.9379	   57.3791
   2.206	   93.9115	   57.4078
   2.208	   93.8860	   57.4138
   2.210	   93.8960	   57.3555
   2.212	   93.8900	   57.2841
   2.214	   93.8655	   57.2663
   2.216	   93.8325	   57.2917
   2.218	   93.8291	   57.2938
   2.220	   93.8281	   57.2678
   2.222	   93.8198	   57.2625
   2.224	   93.7986	   57.2735
   2.226	   93.7894	   57.3091
   2.228	   93.8103	   57.3292
   2.230	   93.8749	   57.2888
   2.232	   93.9165	   57.2575
   2.234	   93.9002	   57.2608
   2.236	   93.8524	   57.2504
   2.238	   93.8078	   57.2346
   2.240	   93.7991	   57.2226
   2.242	   93.7597	   57.2129
   2.244	   93.7345	   57.2478
   2.246	   93.7173	   57.2623
   2.248	   93.7497	   57.2004
   2.250	   93.7903	   57.1698
   2.252	   93.8220	   57.1437
   2.254	   93.8280	   57.1611
   2.256	   93.8306	   57.2042
   2.258	   93.7951	   57.2231
   2.260	   93.7559	   57.2102
   2.262	   93.7397	   57.1810
   2.264	   93.7029	   57.1825
   2.266	   93.6942	   57.1725
   2.268	   93.6869	   57.1513
   2.270	   93.6970	   57.1064
   2.272	   93.7129	   57.0654
   2.274	   93.7084	   57.1097
   2.276	   93.7233	   57.1460
   2.278	   93.7266	   57.1412
   2.280	   93.7285	   57.1545
   2.282	   93.7179	   57.1477
   2.284	   93.6832	   57.1179
   2.286	   93.6617	   57.0947
   2.288	   93.6592	   57.0516
   2.290	   93.6531	   57.0119
   2.292	   93.6483	   57.0168
   2.294	   93.6473	   57.0171
   2.296	   93.6501	   57.0449
   2.298	   93.6809	   57.0557
   2.300	   93.7050	   57.0484
   2.302	   93.6845	   57.0772
   2.304	   93.6491	   57.0643
   2.306	   93.6569	   57.0525
   2.308	   93.6664	   57.0048
   2.310	   93.6577	   56.9588
   2.312	   93.6478	   56.9362
   2.314	   93.6144	   56.9561
   2.316	   93.6473	   56.9531
   2.318	   93.6644	   56.9347
   2.320	   93.6855	   56.9652
   2.322	   93.6615	   56.9922
   2.324	   93.6570	   57.0062
   2.326	   93.6553	   57.0122
   2.328	   93.6620	   56.9492
   2.330	   93.6570	   56.9293
   2.332	   93.6274	   56.9157
   2.334	   93.5986	   56.9074
   2.336	   93.5966	   56.8788
   2.338	   93.6028	   56.8760
   2.340	   93.6229	   56.8722
   2.342	   93.6195	   56.9149
   2.344	   93.6048	   56.9534
   2.346	   93.6090	   56.9363
   2.348	   93.6326	   56.9147
   2.350	   93.6385	   56.9025
   2.352	   93.5964	   56.8814
   2.354	   93.5739	   56.8649
   2.356	   93.5607	   56.8299
   2.358	   93.5433	   56.7688
   2.360	   93.5309	   56.7908
   2.362	   93.5098	   56.7955
   2.364	   93.5128	   56.8084
   2.366	   93.5432	   56.7966
   2.368	   93.5635	   56.7882
   2.370	   93.5646	   56.8372
   2.372	   93.5444	   56.8588
   2.374	   93.5527	   56.8593
   2.376	   93.5452	   56.7911
   2.378	   93.5496	   56.7622
   2.380	   93.5208	   56.7562
   2.382	   93.4763	   56.7419
   2.384	   93.4457	   56.7428
   2.386	   93.4878	   56.7036
   2.388	   93.5101	   56.6942
   2.390	   93.5032	   56.7227
   2.392	   93.4955	   56.7612
   2.394	   93.4999	   56.7763
   2.396	   93.4988	   56.7616
   2.398	   93.4958	   56.7392
   2.400	   93.4939	   56.7367
   2.402	   93.4485	   56.7093
   2.404	   93.4208	   56.6840
   2.406	   93.4307	   56.6366
   2.408	   93.4197	   56.6209
   2.410	   93.4176	   56.6381
   2.412	   93.4043	   56.6377
   2.414	   93.4376	   56.6748
   2.416	   93.4793	   56.6625
   2.418	   93.4838	   56.6572
   2.420	   93.4426	   56.6935
   2.422	   93.4008	   56.6756
   2.424	   93.3967	   56.6287
   2.426	   93.3945	   56.5828
   2.428	   93.3701	   56.5631
   2.430	   93.3522	   56.5685
   2.432	   93.3565	   56.5661
   2.434	   93.3681	   56.5565
   2.436	   93.4023	   56.5588
   2.438	   93.4119	   56.5847
   2.440	   93.4168	   56.6045
   2.442	   93.4182	   56.6084
   2.444	   93.4045	   56.5968
   2.446	   93.3979	   56.5538
   2.448	   93.3650	   56.5396
   2.450	   93.3116	   56.5119
   2.452	   93.3089	   56.5108
   2.454	   93.3179	   56.5059
   2.456	   93.3230	   56.4967
   2.458	   93.3323	   56.4949
   2.460	   93.3426	   56.5174
   2.462	   93.3291	   56.5380
   2.464	   93.3616	   56.5347
   2.466	   93.4137	   56.4862
   2.468	   93.3865	   56.5242
   2.470	   93.3327	   56.5195
   2.472	   93.2884	   56.4789
   2.474	   93.2752	   56.4611
   2.476	   93.2808	   56.4388
   2.478	   93.2591	   56.4361
   2.480	   93.2330	   56.4567
   2.482	   93.2333	   56.4542
   2.484	   93.2688	   56.4438
   2.486	   93.2845	   56.4459
   2.488	   93.2942	   56.4680
   2.490	   93.2978	   56.4733
   2.492	   93.2545	   56.4348
   2.494	   93.2588	   56.4269
   2.496	   93.2354	   56.3917
   2.498	   93.1884	   56.4002
   2.500	   93.1651	   56.4085
   2.502	   93.1604	   56.4179
   2.504	   93.1715	   56.4041
   2.506	   93.1883	   56.4076
   2.508	   93.1847	   56.4025
   2.510	   93.1981	   56.3924
   2.512	   93.2352	   56.3885
   2.514	   93.2544	   56.3413
   2.516	   93.2350	   56.3533
   2.518	   93.1909	   56.4041
   2.520	   93.1427	   56.4075
   2.522	   93.1355	   56.3888
   2.524	   93.1517	   56.3579
   2.526	   93.1278	   56.3249
   2.528	   93.0953	   56.3401
   2.530	   93.0908	   56.3353
   2.532	   93.1260	   56.3074
   2.534	   93.1488	   56.3087
   2.536	   93.1455	   56.3284
   2.538	   93.1433	   56.3836
   2.540	   93.1132	   56.3786
   2.542	   93.0998	   56.3602
   2.544	   93.1221	   56.3104
   2.546	   93.0767	   56.3061
   2.548	   93.0373	   56.2820
   2.550	   93.0096	   56.2665
   2.552	   93.0519	   56.2417
   2.554	   93.0663	   56.2454
   2.556	   93.0612	   56.2738
   2.558	   93.0559	   56.3172
   2.560	   93.0612	   56.3256
   2.562	   93.0730	   56.3015
   2.564	   93.0571	   56.2877
   2.566	   93.0299	   56.2852
   2.568	   92.9833	   56.2526
   2.570	   92.9711	   56.2295
   2.572	   92.9669	   56.2029
   2.574	   92.9581	   56.1936
   2.576	   92.9572	   56.2100
   2.578	   92.9764	   56.2455
   2.580	   93.0048	   56.2587
   2.582	   93.0126	   56.2282
   2.584	   93.0116	   56.2236
   2.586	   92.9719	   56.2280
   2.588	   92.9563	   56.2122
   2.590	   92.9429	   56.1670
   2.592	   92.9344	   56.1250
   2.594	   92.9062	   56.1234
   2.596	   92.8855	   56.1223
   2.598	   92.9050	   56.1313
   2.600	   92.9487	   56.1502
   2.602	   92.9578	   56.1467
   2.604	   92.9587	   56.1758
   2.606	   92.9228	   56.1702
   2.608	   92.9192	   56.1530
   2.610	   92.8925	   56.0962
   2.612	   92.8794	   56.0862
   2.614	   92.8325	   56.0782
   2.616	   92.8091	   56.1013
   2.618	   92.8225	   56.0815
   2.620	   92.8617	   56.0537
   2.622	   92.8802	   56.0577
   2.624	   92.8725	   56.1104
   2.626	   92.8728	   56.1364
   2.628	   92.9017	   56.1184
   2.630	   92.8831	   56.0650
   2.632	   92.8576	   56.0606
   2.634	   92.7991	   56.0559
   2.636	   92.7582	   56.0708
   2.638	   92.7609	   56.0268
   2.640	   92.7438	   55.9972
   2.642	   92.7626	   56.0281
   2.644	   92.7580	   56.0214
   2.646	   92.7577	   56.0365
   2.648	   92.7759	   56.0346
   2.650	   92.8337	   56.0176
   2.652	   92.8258	   56.0140
   2.654	   92.7827	   56.0258
   2.656	   92.7306	   56.0191
   2.658	   92.7196	   56.0142
   2.660	   92.7006	   55.9690
   2.662	   92.6732	   55.9886
   2.664	   92.6484	   56.0009
   2.666	   92.6333	   56.0057
   2.668	   92.6468	   55.9889
   2.670	   92.6817	   55.9605
   2.672	   92.7092	   55.9575
   2.674	   92.7111	   55.9710
   2.676	   92.7332	   55.9561
   2.678	   92.7424	   55.9349
   2.680	   92.7394	   55.9589
   2.682	   92.6834	   55.9912
   2.684	   92.6283	   56.0010
   2.686	   92.5922	   55.9669
   2.688	   92.6027	   55.9321
   2.690	   92.5883	   55.8970
   2.692	   92.5759	   55.9132
   2.694	   92.5543	   55.9156
   2.696	   92.5611	   55.8939
   2.698	   92.6002	   55.9013
   2.700	   92.6269	   55.9249
   2.702	   92.6101	   55.9383
   2.704	   92.5891	   55.9722
   2.706	   92.5760	   55.9461
   2.708	   92.5795	   55.9013
   2.710	   92.5507	   55.8768
   2.712	   92.4886	   55.8672
   2.714	   92.4814	   55.8607
   2.716	   92.4805	   55.8598
   2.718	   92.5191	   55.8225
   2.720	   92.4963	   55.8385
   2.722	   92.4926	   55.8684
   2.724	   92.5276	   55.8845
   2.726	   92.5312	   55.8751
   2.728	   92.5382	   55.8634
   2.730	   92.5090	   55.8627
   2.732	   92.4788	   55.8686
   2.734	   92.4534	   55.8581
   2.736	   92.4297	   55.8018
   2.738	   92.4173	   55.7611
   2.740	   92.3979	   55.7791
   2.742	   92.3962	   55.8061
   2.744	   92.4082	   55.8084
   2.746	   92.4279	   55.7959
   2.748	   92.4657	   55.7966
   2.750	   92.4675	   55.8132
   2.752	   92.4529	   55.8297
   2.754	   92.4166	   55.8258
   2.756	   92.4010	   55.7643
   2.758	   92.3763	   55.7351
   2.760	   92.3515	   55.7529
   2.762	   92.3252	   55.7405
   2.764	   92.3015	   55.7544
   2.766	   92.3251	   55.7377
   2.768	   92.3233	   55.7199
   2.770	   92.3539	   55.7556
   2.772	   92.3484	   55.7655
   2.774	   92.3704	   55.7562
   2.776	   92.3785	   55.7182
   2.778	   92.3474	   55.6972
   2.780	   92.3021	   55.7031
   2.782	   92.2757	   55.7164
   2.784	   92.2468	   55.6876
   2.786	   92.2613	   55.6896
   2.788	   92.2647	   55.6950
   2.790	   92.2673	   55.7112
   2.792	   92.2767	   55.7044
   2.794	   92.3230	   55.6694
   2.796	   92.3465	   55.6490
   2.798	   92.3361	   55.6628
   2.800	   92.2492	   55.6708
   2.802	   92.2122	   55.6878
   2.804	   92.2057	   55.6795
   2.806	   92.1921	   55.6832
   2.808	   92.1976	   55.6913
   2.810	   92.1807	   55.6984
   2.812	   92.2081	   55.6585
   2.814	   92.2325	   55.6296
   2.816	   92.2599	   55.6014
   2.818	   92.2429	   55.6091
   2.820	   92.2253	   55.6403
   2.822	   92.2261	   55.6631
   2.824	   92.2161	   55.6869
   2.826	   92.2090	   55.6603
   2.828	   92.1563	   55.6435
   2.830	   92.1383	   55.6247
   2.832	   92.1380	   55.6061
   2.834	   92.1274	   55.5772
   2.836	   92.1464	   55.5618
   2.838	   92.1301	   55.5809
   2.840	   92.1322	   55.6221
   2.842	   92.1601	   55.6281
   2.844	   92.1620	   55.6126
   2.846	   92.1565	   55.6190
   2.848	   92.1288	   55.6423
   2.850	   92.0973	   55.6030
   2.852	   92.0682	   55.5690
   2.854	   92.0774	   55.5279
   2.856	   92.0901	   55.5235
   2.858	   92.0378	   55.5363
   2.860	   92.0306	   55.5651
   2.862	   92.0575	   55.5527
   2.864	   92.0702	   55.5289
   2.866	   92.0629	   55.5297
   2.868	   92.0785	   55.5667
   2.870	   92.0637	   55.5799
   2.872	   92.0690	   55.5598
   2.874	   92.0585	   55.5338
   2.876	   92.0229	   55.5074
   2.878	   91.9798	   55.5042
   2.880	   91.9716	   55.4887
   2.882	   91.9733	   55.4695
   2.884	   91.9726	   55.4657
   2.886	   91.9625	   55.4627
   2.888	   91.9639	   55.4857
   2.890	   91.9774	   55.4808
   2.892	   92.0222	   55.4861
   2.894	   92.0463	   55.4781
   2.896	   92.0319	   55.4941
   2.898	   91.9986	   55.5041
   2.900	   91.9654	   55.4675
   2.902	   91.9602	   55.4135
   2.904	   91.9301	   55.3924
   2.906	   91.9009	   55.4163
   2.908	   91.8746	   55.4549
   2.910	   91.8712	   55.4286
   2.912	   91.9140	   55.4017
   2.914	   91.9492	   55.4125
   2.916	   91.9583	   55.4387
   2.918	   91.9303	   55.4335
   2.920	   91.9371	   55.4034
   2.922	   91.9247	   55.3861
   2.924	   91.9030	   55.3701
   2.926	   91.8594	   55.3825
   2.928	   91.8067	   55.3686
   2.930	   91.8109	   55.3726
   2.932	   91.8276	   55.3879
   2.934	   91.8755	   55.3990
   2.936	   91.8518	   55.3675
   2.938	   91.8865	   55.3630
   2.940	   91.9153	   55.3321
   2.942	   91.9170	   55.3224
   2.944	   91.8587	   55.3602
   2.946	   91.7883	   55.3959
   2.948	   91.7745	   55.4079
   2.950	   91.7696	   55.3685
   2.952	   91.7733	   55.3476
   2.954	   91.7717	   55.3395
   2.956	   91.7690	   55.3386
   2.958	   91.7627	   55.3217
   2.960	   91.8010	   55.3089
   2.962	   91.8086	   55.2923
   2.964	   91.7942	   55.3366
   2.966	   91.7530	   55.3991
   2.968	   91.7320	   55.3881
   2.970	   91.7284	   55.3656
   2.972	   91.7089	   55.3128
   2.974	   91.6862	   55.2942
   2.976	   91.6765	   55.3147
   2.978	   91.6614	   55.2813
   2.980	   91.6880	   55.2673
   2.982	   91.7086	   55.2871
   2.984	   91.7180	   55.3144
   2.986	   91.7017	   55.3385
   2.988	   91.7026	   55.3262
   2.990	   91.6951	   55.3004
   2.992	   91.6760	   55.2745
   2.994	   91.6255	   55.2788
   2.996	   91.5715	   55.2667
   2.998	   91.5695	   55.2311
   3.000	   91.5910	   55.2054
   3.002	   91.5783	   55.2174
   3.004	   91.5552	   55.2389
   3.006	   91.5843	   55.2628
   3.008	   91.6215	   55.2473
   3.010	   91.6425	   55.2399
   3.012	   91.6397	   55.2543
   3.014	   91.5882	   55.2472
   3.016	   91.5855	   55.2686
   3.018	   91.5426	   55.2360
   3.020	   91.5408	   55.1935
   3.022	   91.4821	   55.1878
   3.024	   91.4557	   55.2179
   3.026	   91.4514	   55.2267
   3.028	   91.4690	   55.2310
   3.030	   91.4946	   55.2131
   3.032	   91.4761	   55.2263
   3.034	   91.5042	   55.2418
   3.036	   91.5384	   55.2204
   3.038	   91.5454	   55.1790
   3.040	   91.5376	   55.1777
   3.042	   91.5101	   55.2065
   3.044	   91.4507	   55.2205
   3.046	   91.4199	   55.1956
   3.048	   91.4054	   55.1647
   3.050	   91.3869	   55.1759
   3.052	   91.4059	   55.2211
   3.054	   91.3967	   55.2146
   3.056	   91.4182	   55.1956
   3.058	   91.4526	   55.1321
   3.060	   91.4736	   55.1217
   3.062	   91.4466	   55.1279
   3.064	   91.4496	   55.1500
   3.066	   91.4396	   55.1763
   3.068	   91.4376	   55.1882
   3.070	   91.3888	   55.2006
   3.072	   91.3669	   55.1953
   3.074	   91.3503	   55.1827
   3.076	   91.3410	   55.1295
   3.078	   91.3172	   55.1109
   3.080	   91.3186	   55.1160
   3.082	   91.2947	   55.1206
   3.084	   91.2787	   55.1065
   3.086	   91.2942	   55.0939
   3.088	   91.3336	   55.0979
   3.090	   91.3239	   55.1100
   3.092	   91.3312	   55.1287
   3.094	   91.3366	   55.1298
   3.096	   91.3374	   55.1084
   3.098	   91.3163	   55.0837
   3.100	   91.2690	   55.0809
   3.102	   91.2135	   55.0786
   3.104	   91.2153	   55.0788
   3.106	   91.2130	   55.0676
   3.108	   91.2242	   55.0678
   3.110	   91.2093	   55.0810
   3.112	   91.2196	   55.1210
   3.114	   91.2497	   55.0950
   3.116	   91.2880	   55.0543
   3.118	   91.3006	   55.0355
   3.120	   91.2517	   55.0426
   3.122	   91.2004	   55.0688
   3.124	   91.1614	   55.0421
   3.126	   91.1582	   55.0253
   3.128	   91.1419	   55.0225
   3.130	   91.1090	   55.0536
   3.132	   91.0988	   55.0755
   3.134	   91.1409	   55.0651
   3.136	   91.1896	   55.0496
   3.138	   91.2142	   55.0247
   3.140	   91.1956	   55.0143
   3.142	   91.1681	   55.0069
   3.144	   91.1320	   55.0148
   3.146	   91.1165	   55.0163
   3.148	   91.0855	   55.0398
   3.150	   91.0672	   55.0696
   3.152	   91.0522	   55.0769
   3.154	   91.0612	   55.0475
   3.156	   91.0680	   54.9973
   3.158	   91.0738	   54.9778
   3.160	   91.0683	   54.9794
   3.162	   91.0802	   54.9745
   3.164	   91.1004	   54.9764
   3.166	   91.1009	   54.9837
   3.168	   91.0819	   55.0354
   3.170	   91.0475	   55.0585
   3.172	   91.0304	   55.0277
   3.174	   91.0209	   54.9985
   3.176	   90.9904	   54.9558
   3.178	   90.9802	   54.9606
   3.180	   90.9789	   54.9652
   3.182	   90.9631	   54.9381
   3.184	   91.0008	   54.9309
   3.186	   91.0109	   54.9246
   3.188	   91.0007	   54.9550
   3.190	   90.9864	   55.0036
   3.192	   90.9989	   55.0094
   3.194	   90.9919	   54.9802
   3.196	   90.9845	   54.9330
   3.198	   90.9346	   54.9206
   3.200	   90.9087	   54.9135
   3.202	   90.8942	   54.8938
   3.204	   90.9292	   54.8636
   3.206	   90.9165	   54.8602
   3.208	   90.9231	   54.8747
   3.210	   90.9341	   54.8974
   3.212	   90.9540	   54.9075
   3.214	   90.9589	   54.9119
   3.216	   90.9430	   54.9113
   3.218	   90.9054	   54.9108
   3.220	   90.8625	   54.8922
   3.222	   90.8703	   54.8471
   3.224	   90.8547	   54.8223
   3.226	   90.8218	   54.8316
   3.228	   90.8362	   54.8506
   3.230	   90.8210	   54.8462
   3.232	   90.8453	   54.8516
   3.234	   90.8863	   54.8442
   3.236	   90.8965	   54.8543
   3.238	   90.8784	   54.8680
   3.240	   90.8705	   54.8692
   3.242	   90.8527	   54.8398
   3.244	   90.8120	   54.8175
   3.246	   90.7807	   54.8159
   3.248	   90.7385	   54.8285
   3.250	   90.7266	   54.8139
   3.252	   90.7391	   54.7960
   3.254	   90.7405	   54.7902
   3.256	   90.7260	   54.8095
   3.258	   90.7484	   54.8386
   3.260	   90.7661	   54.8360
   3.262	   90.8068	   54.8022
   3.264	   90.8379	   54.7954
   3.266	   90.7929	   54.7998
   3.268	   90.7342	   54.8130
   3.270	   90.7062	   54.7930
   3.272	   90.7088	   54.7638
   3.274	   90.6596	   54.7588
   3.276	   90.6420	   54.7695
   3.278	   90.6339	   54.7999
   3.280	   90.6484	   54.8103
   3.282	   90.6879	   54.7907
   3.284	   90.6718	   54.7619
   3.286	   90.6859	   54.7712
   3.288	   90.7155	   54.7732
   3.290	   90.6970	   54.7478
   3.292	   90.6906	   54.7400
   3.294	   90.6382	   54.7586
   3.296	   90.5922	   54.7747
   3.298	   90.5626	   54.7797
   3.300	   90.5715	   54.7707
   3.302	   90.5930	   54.7619
   3.304	   90.5929	   54.7541
   3.306	   90.5692	   54.7478
   3.308	   90.5804	   54.7189
   3.310	   90.6277	   54.6892
   3.312	   90.6402	   54.6806
   3.314	   90.6277	   54.7158
   3.316	   90.5849	   54.7645
   3.318	   90.5583	   54.7828
   3.320	   90.5335	   54.7408
   3.322	   90.5426	   54.7070
   3.324	   90.5167	   54.6995
   3.326	   90.4901	   54.7136
   3.328	   90.4837	   54.7064
   3.330	   90.4950	   54.6830
   3.332	   90.5023	   54.6630
   3.334	   90.5310	   54.6921
   3.336	   90.5180	   54.7269
   3.338	   90.5227	   54.7357
   3.340	   90.5122	   54.7190
   3.342	   90.4985	   54.7075
   3.344	   90.4512	   54.6979
   3.346	   90.4152	   54.6897
   3.348	   90.4027	   54.6546
   3.350	   90.4069	   54.6448
   3.352	   90.4098	   54.6424
   3.354	   90.4025	   54.6751
   3.356	   90.4276	   54.6851
   3.358	   90.4438	   54.6828
   3.360	   90.4487	   54.6592
   3.362	   90.4398	   54.6725
   3.364	   90.4087	   54.6957
   3.366	   90.3616	   54.6862
   3.368	   90.3642	   54.6437
   3.370	   90.3558	   54.6208
   3.372	   90.3175	   54.6271
   3.374	   90.2980	   54.6708
   3.376	   90.2785	   54.6754
   3.378	   90.3180	   54.6640
   3.380	   90.3567	   54.6600
   3.382	   90.3621	   54.6554
   3.384	   90.3747	   54.6480
   3.386	   90.3629	   54.6561
   3.388	   90.3310	   54.6338
   3.390	   90.3067	   54.6290
   3.392	   90.2603	   54.6390
   3.394	   90.2181	   54.6500
   3.396	   90.1918	   54.6650
   3.398	   90.2041	   54.6687
   3.400	   90.2113	   54.6774
   3.402	   90.2033	   54.6736
   3.404	   90.2040	   54.6652
   3.406	   90.2251	   54.6305
   3.408	   90.2604	   54.5973
   3.410	   90.2633	   54.5723
   3.412	   90.2415	   54.6163
   3.414	   90.2242	   54.6653
   3.416	   90.1928	   54.6761
   3.418	   90.1738	   54.6701
   3.420	   90.1569	   54.6766
   3.422	   90.1164	   54.6877
   3.424	   90.1107	   54.6751
   3.426	   90.1193	   54.6319
   3.428	   90.1542	   54.6055
   3.430	   90.1576	   54.5938
   3.432	   90.1497	   54.6034
   3.434	   90.1681	   54.6310
   3.436	   90.1528	   54.6514
   3.438	   90.1276	   54.6628
   3.440	   90.0868	   54.6756
   3.442	   90.0509	   54.6764
   3.444	   90.0436	   54.6547
   3.446	   90.0306	   54.6382
   3.448	   90.0452	   54.6350
   3.450	   90.0073	   54.6374
   3.452	   90.0160	   54.6687
   3.454	   90.0334	   54.6362
   3.456	   90.0723	   54.6132
   3.458	   90.0719	   54.6385
   3.460	   90.0650	   54.6739
   3.462	   90.0305	   54.7095
   3.464	   90.0179	   54.6787
   3.466	   89.9975	   54.6564
   3.468	   89.9728	   54.6488
   3.470	   89.9442	   54.6442
   3.472	   89.9345	   54.6549
   3.474	   89.9353	   54.6472
   3.476	   89.9781	   54.6437
   3.478	   89.9774	   54.6267
   3.480	   89.9853	   54.6491
   3.482	   89.9728	   54.6759
   3.484	   89.9568	   54.6847
   3.486	   89.9431	   54.6662
   3.488	   89.9442	   54.6629
   3.490	   89.8812	   54.6723
   3.492	   89.8633	   54.6633
   3.494	   89.8516	   54.6499
   3.496	   89.8584	   54.6410
   3.498	   89.8681	   54.6345
   3.500	   89.9101	   54.6641
   3.502	   89.8859	   54.6841
   3.504	   89.8968	   54.6875
   3.506	   89.9042	   54.6866
   3.508	   89.8725	   54.6743
   3.510	   89.8398	   54.6793
   3.512	   89.7978	   54.6734
   3.514	   89.8111	   54.6567
   3.516	   89.7916	   54.6466
   3.518	   89.7785	   54.6407
   3.520	   89.7717	   54.6687
   3.522	   89.7848	   54.6705
   3.524	   89.8110	   54.6418
   3.526	   89.8277	   54.6483
   3.528	   89.8444	   54.6766
   3.530	   89.7804	   54.6943
   3.532	   89.7598	   54.6716
   3.534	   89.7530	   54.6517
   3.536	   89.7244	   54.6526
   3.538	   89.7006	   54.6623
   3.540	   89.6864	   54.6832
   3.542	   89.6742	   54.6787
   3.544	   89.6733	   54.6565
   3.546	   89.7079	   54.6542
   3.548	   89.7337	   54.6738
   3.550	   89.7011	   54.6856
   3.552	   89.7580	   54.6758
   3.554	   89.7021	   54.6496
   3.556	   89.6671	   54.6701
   3.558	   89.6459	   54.6705
   3.560	   89.6187	   54.6803
   3.562	   89.6132	   54.6786
   3.564	   89.5912	   54.6499
   3.566	   89.5926	   54.6543
   3.568	   89.6028	   54.6679
   3.570	   89.6194	   54.6654
   3.572	   89.6531	   54.6476
   3.574	   89.6719	   54.6672
   3.576	   89.6647	   54.6818
   3.578	   89.5980	   54.7066
   3.580	   89.5590	   54.7055
   3.582	   89.5867	   54.6884
   3.584	   89.5712	   54.6648
   3.586	   89.5201	   54.6677
   3.588	   89.5277	   54.6966
   3.590	   89.5037	   54.6787
   3.592	   89.5483	   54.6590
   3.594	   89.5827	   54.6388
   3.596	   89.5622	   54.6742
   3.598	   89.5709	   54.7032
   3.600	   89.5514	   54.7028
   3.602	   89.5623	   54.6839
   3.604	   89.5490	   54.6666
   3.606	   89.4644	   54.6572
   3.608	   89.4354	   54.6654
   3.610	   89.4729	   54.6525
   3.612	   89.4865	   54.6631
   3.614	   89.5028	   54.6649
   3.616	   89.5046	   54.6599
   3.618	   89.4937	   54.6695
   3.620	   89.5043	   54.6892
   3.622	   89.4943	   54.6882
   3.624	   89.4542	   54.6950
   3.626	   89.4265	   54.7030
   3.628	   89.4087	   54.6900
   3.630	   89.3851	   54.6738
   3.632	   89.4144	   54.6580
   3.634	   89.4025	   54.6497
   3.636	   89.3436	   54.7055
   3.638	   89.3621	   54.7131
   3.640	   89.3919	   54.6666
   3.642	   89.4643	   54.6515
   3.644	   89.4140	   54.6687
   3.646	   89.4046	   54.7009
   3.648	   89.3757	   54.7139
   3.650	   89.3632	   54.6893
   3.652	   89.3502	   54.6751
   3.654	   89.3189	   54.6851
   3.656	   89.3126	   54.6870
   3.658	   89.3032	   54.6944
   3.660	   89.2886	   54.6873
   3.662	   89.3068	   54.6892
   3.664	   89.3123	   54.6857
   3.666	   89.3485	   54.6962
   3.668	   89.3373	   54.6869
   3.670	   89.3896	   54.6898
   3.672	   89.3691	   54.7041
   3.674	   89.3052	   54.7312
   3.676	   89.2543	   54.7361
   3.678	   89.2197	   54.7314
   3.680	   89.2159	   54.7131
   3.682	   89.1792	   54.7156
   3.684	   89.1658	   54.7312
   3.686	   89.1240	   54.7365
   3.688	   89.1674	   54.7188
   3.690	   89.1975	   54.6935
   3.692	   89.2371	   54.6854
   3.694	   89.2286	   54.7171
   3.696	   89.2320	   54.7428
   3.698	   89.2106	   54.7220
   3.700	   89.2098	   54.7222
   3.702	   89.1558	   54.7285
   3.704	   89.0935	   54.7564
   3.706	   89.0772	   54.7638
   3.708	   89.0872	   54.7646
   3.710	   89.0789	   54.7409
   3.712	   89.0712	   54.7464
   3.714	   89.0911	   54.7463
   3.716	   89.0920	   54.7543
   3.718	   89.1267	   54.7301
   3.720	   89.1359	   54.7245
   3.722	   89.1316	   54.7583
   3.724	   89.1051	   54.7663
   3.726	   89.0831	   54.7718
   3.728	   89.0574	   54.7439
   3.730	   89.0338	   54.7297
   3.732	   88.9930	   54.7792
   3.734	   88.9776	   54.7961
   3.736	   88.9801	   54.7804
   3.738	   88.9819	   54.7373
   3.740	   88.9997	   54.7203
   3.742	   88.9892	   54.7632
   3.744	   88.9918	   54.7803
   3.746	   89.0121	   54.7537
   3.748	   89.0386	   54.7610
   3.750	   89.0236	   54.7973
   3.752	   88.9810	   54.8143
   3.754	   88.9390	   54.8333
   3.756	   88.9416	   54.8085
   3.758	   88.9202	   54.8069
   3.760	   88.9103	   54.8005
   3.762	   88.8820	   54.7866
   3.764	   88.8656	   54.8276
   3.766	   88.9114	   54.7943
   3.768	   88.9303	   54.7688
   3.770	   88.9334	   54.7982
   3.772	   88.9334	   54.8401
   3.774	   88.9390	   54.8582
   3.776	   88.9047	   54.8490
   3.778	   88.8788	   54.8229
   3.780	   88.8411	   54.8438
   3.782	   88.8153	   54.8617
   3.784	   88.7749	   54.8759
   3.786	   88.8021	   54.8432
   3.788	   88.7923	   54.8303
   3.790	   88.8176	   54.8283
   3.792	   88.8085	   54.8240
   3.794	   88.8266	   54.8465
   3.796	   88.8532	   54.8658
   3.798	   88.8411	   54.8856
   3.800	   88.8372	   54.8783
   3.802	   88.7784	   54.9279
   3.804	   88.7465	   54.9073
   3.806	   88.7608	   54.9044
   3.808	   88.7366	   54.8773
   3.810	   88.7194	   54.8835
   3.812	   88.7148	   54.8935
   3.814	   88.7406	   54.8841
   3.816	   88.7484	   54.8536
   3.818	   88.7872	   54.8629
   3.820	   88.7700	   54.9177
   3.822	   88.7454	   54.9453
   3.824	   88.7254	   54.9244
   3.826	   88.6788	   54.9264
   3.828	   88.6942	   54.9142
   3.830	   88.6404	   54.9539
   3.832	   88.6224	   54.9510
   3.834	   88.6287	   54.9377
   3.836	   88.6537	   54.9144
   3.838	   88.6870	   54.8931
   3.840	   88.6906	   54.9256
   3.842	   88.6591	   54.9572
   3.844	   88.6719	   54.9512
   3.846	   88.6634	   54.9309
   3.848	   88.6115	   54.9254
   3.850	   88.5849	   54.9564
   3.852	   88.5735	   54.9802
   3.854	   88.5575	   54.9577
   3.856	   88.5415	   54.9188
   3.858	   88.5856	   54.9241
   3.860	   88.5782	   54.9705
   3.862	   88.5777	   54.9427
   3.864	   88.5986	   54.9415
   3.866	   88.6113	   54.9493
   3.868	   88.5804	   54.9759
   3.870	   88.5270	   54.9799
   3.872	   88.5053	   54.9811
   3.874	   88.4887	   54.9810
   3.876	   88.5344	   54.9467
   3.878	   88.4699	   54.9700
   3.880	   88.4423	   54.9972
   3.882	   88.4657	   54.9978
   3.884	   88.5079	   54.9770
   3.886	   88.5272	   54.9445
   3.888	   88.5343	   54.9720
   3.890	   88.5057	   54.9801
   3.892	   88.4726	   54.9948
   3.894	   88.4979	   54.9815
   3.896	   88.4380	   55.0093
   3.898	   88.4218	   55.0494
   3.900	   88.3886	   55.0500
   3.902	   88.3791	   55.0343
   3.904	   88.3853	   55.0145
   3.906	   88.3976	   55.0327
   3.908	   88.3874	   55.0472
   3.910	   88.3971	   55.0679
   3.912	   88.4209	   55.0307
   3.914	   88.4391	   55.0312
   3.916	   88.4140	   55.0385
   3.918	   88.3908	   55.0681
   3.920	   88.3236	   55.0807
   3.922	   88.3431	   55.0536
   3.924	   88.3491	   55.0509
   3.926	   88.3472	   55.0515
   3.928	   88.3003	   55.0636
   3.930	   88.2758	   55.0650
   3.932	   88.3185	   55.0554
   3.934	   88.3444	   55.0280
   3.936	   88.3438	   55.0482
   3.938	   88.3593	   55.0592
   3.940	   88.3411	   55.0840
   3.942	   88.3495	   55.0549
   3.944	   88.3413	   55.0615
   3.946	   88.3015	   55.0907
   3.948	   88.2368	   55.1074
   3.950	   88.2397	   55.0980
   3.952	   88.2453	   55.0648
   3.954	   88.2746	   55.0657
   3.956	   88.2474	   55.0934
   3.958	   88.2514	   55.1006
   3.960	   88.2799	   55.0816
   3.962	   88.3042	   55.0764
   3.964	   88.2923	   55.1153
   3.966	   88.2802	   55.1431
   3.968	   88.2492	   55.1521
   3.970	   88.2350	   55.1291
   3.972	   88.2133	   55.1130
   3.974	   88.1857	   55.1194
   3.976	   88.1827	   55.1330
   3.978	   88.1282	   55.1476
   3.980	   88.1560	   55.1322
   3.982	   88.1789	   55.1126
   3.984	   88.1930	   55.1117
   3.986	   88.2074	   55.1238
   3.988	   88.2149	   55.1420
   3.990	   88.2558	   55.1655
   3.992	   88.2332	   55.1629
   3.994	   88.2167	   55.1460
   3.996	   88.1332	   55.1972
   3.998	   88.1296	   55.1933
   4.000	   88.1134	   55.1785
   4.002	   88.1231	   55.1547
   4.004	   88.0720	   55.1690
   4.006	   88.0712	   55.2104
   4.008	   88.0939	   55.1936
   4.010	   88.1052	   55.1809
   4.012	   88.1118	   55.1707
   4.014	   88.1161	   55.1760
   4.016	   88.0939	   55.2117
   4.018	   88.1407	   55.2081
   4.020	   88.1508	   55.1849
   4.022	   88.0972	   55.2079
   4.024	   88.0745	   55.2251
   4.026	   88.0391	   55.2557
   4.028	   88.0212	   55.2684
   4.030	   88.0161	   55.2543
   4.032	   88.0457	   55.2502
   4.034	   87.9760	   55.2632
   4.036	   87.9714	   55.2664
   4.038	   87.9820	   55.2621
   4.040	   88.0233	   55.2281
   4.042	   88.0061	   55.2185
   4.044	   88.0251	   55.2440
   4.046	   88.0248	   55.2842
   4.048	   88.0521	   55.2849
   4.050	   88.0567	   55.2808
   4.052	   87.9933	   55.2989
   4.054	   87.9631	   55.3333
   4.056	   87.9218	   55.3354
   4.058	   87.9602	   55.3262
   4.060	   87.9685	   55.2949
   4.062	   87.9207	   55.3306
   4.064	   87.9299	   55.3405
   4.066	   87.9346	   55.3359
   4.068	   87.9524	   55.2982
   4.070	   87.9582	   55.2874
   4.072	   87.9615	   55.3354
   4.074	   87.9635	   55.3879
   4.076	   87.9279	   55.3768
   4.078	   87.9205	   55.3734
   4.080	   87.9085	   55.3605
   4.082	   87.8678	   55.3882
   4.084	   87.8464	   55.4071
   4.086	   87.8215	   55.3717
   4.088	   87.8563	   55.3557
   4.090	   87.8645	   55.3510
   4.092	   87.8720	   55.3701
   4.094	   87.8697	   55.3648
   4.096	   87.8940	   55.3700
   4.098	   87.9291	   55.3766
   4.100	   87.9127	   55.4111
   4.102	   87.8434	   55.4292
   4.104	   87.8080	   55.4534
   4.106	   87.8087	   55.4607
   4.108	   87.8045	   55.4552
   4.110	   87.8128	   55.4245
   4.112	   87.7822	   55.4568
   4.114	   87.7801	   55.4636
   4.116	   87.7972	   55.4469
   4.118	   87.8090	   55.4236
   4.120	   87.8330	   55.4321
   4.122	   87.8353	   55.4722
   4.124	   87.8369	   55.5004
   4.126	   87.8163	   55.5012
   4.128	   87.8139	   55.4967
   4.130	   87.7866	   55.4754
   4.132	   87.7348	   55.5072
   4.134	   87.7208	   55.5043
   4.136	   87.7415	   55.4765
   4.138	   87.7607	   55.4777
   4.140	   87.7460	   55.4641
   4.142	   87.7609	   55.4804
   4.144	   87.7690	   55.5031
   4.146	   87.7928	   55.5207
   4.148	   87.8197	   55.5236
   4.150	   87.7730	   55.5491
   4.152	   87.7280	   55.5615
   4.154	   87.7022	   55.5605
   4.156	   87.7137	   55.5250
   4.158	   87.7066	   55.5143
   4.160	   87.6924	   55.5352
   4.162	   87.6990	   55.5445
   4.164	   87.7218	   55.5282
   4.166	   87.7616	   55.5215
   4.168	   87.7778	   55.5604
   4.170	   87.7454	   55.6005
   4.172	   87.7102	   55.5970
   4.174	   87.6961	   55.5941
   4.176	   87.6786	   55.5767
   4.178	   87.6507	   55.5680
   4.180	   87.6452	   55.5714
   4.182	   87.6158	   55.5820
   4.184	   87.6521	   55.5818
   4.186	   87.6779	   55.5543
   4.188	   87.6942	   55.5758
   4.190	   87.6803	   55.6048
   4.192	   87.7032	   55.6438
   4.194	   87.7143	   55.6632
   4.196	   87.7005	   55.6471
   4.198	   87.6530	   55.6625
   4.200	   87.6015	   55.7042
   4.202	   87.5975	   55.6874
   4.204	   87.6030	   55.6486
   4.206	   87.6200	   55.6296
   4.208	   87.6149	   55.6369
   4.210	   87.5941	   55.6613
   4.212	   87.6103	   55.6694
   4.214	   87.6561	   55.6493
   4.216	   87.6620	   55.6607
   4.218	   87.6417	   55.6888
   4.220	   87.5846	   55.7443
   4.222	   87.5725	   55.7690
   4.224	   87.5801	   55.7417
   4.226	   87.5935	   55.7069
   4.228	   87.5434	   55.7194
   4.230	   87.5317	   55.7410
   4.232	   87.5504	   55.7181
   4.234	   87.5907	   55.6967
   4.236	   87.6141	   55.6940
   4.238	   87.5890	   55.7243
   4.240	   87.5633	   55.7497
   4.242	   87.5517	   55.7614
   4.244	   87.5613	   55.7573
   4.246	   87.5387	   55.7787
   4.248	   87.5149	   55.7993
   4.250	   87.4709	   55.7995
   4.252	   87.4925	   55.7743
   4.254	   87.5012	   55.7780
   4.256	   87.5177	   55.7513
   4.258	   87.5116	   55.7652
   4.260	   87.5060	   55.7713
   4.262	   87.5266	   55.7670
   4.264	   87.5494	   55.7626
   4.266	   87.5191	   55.7968
   4.268	   87.4849	   55.8182
   4.270	   87.4590	   55.8680
   4.272	   87.4614	   55.8502
   4.274	   87.4810	   55.8357
   4.276	   87.4429	   55.8368
   4.278	   87.4155	   55.8580
   4.280	   87.4281	   55.8605
   4.282	   87.4544	   55.8019
   4.284	   87.4511	   55.8027
   4.286	   87.4706	   55.8438
   4.288	   87.4425	   55.8800
   4.290	   87.4271	   55.9018
   4.292	   87.4476	   55.8738
   4.294	   87.4128	   55.9080
   4.296	   87.3869	   55.9221
   4.298	   87.3796	   55.9122
   4.300	   87.3727	   55.8921
   4.302	   87.3734	   55.8820
   4.304	   87.3831	   55.8825
   4.306	   87.3821	   55.8856
   4.308	   87.3744	   55.8837
   4.310	   87.3982	   55.9089
   4.312	   87.4228	   55.8960
   4.314	   87.4019	   55.9056
   4.316	   87.3668	   55.9423
   4.318	   87.3304	   55.9670
   4.320	   87.3307	   55.9663
   4.322	   87.3389	   55.9393
   4.324	   87.3262	   55.9161
   4.326	   87.2928	   55.9385
   4.328	   87.2941	   55.9413
   4.330	   87.3242	   55.9201
   4.332	   87.3579	   55.8861
   4.334	   87.3477	   55.9052
   4.336	   87.3488	   55.9410
   4.338	   87.3339	   55.9915
   4.340	   87.3224	   55.9824
   4.342	   87.3128	   56.0022
   4.344	   87.3042	   56.0157
   4.346	   87.2807	   56.0422
   4.348	   87.2629	   56.0304
   4.350	   87.2522	   56.0152
   4.352	   87.3077	   55.9929
   4.354	   87.2752	   55.9975
   4.356	   87.2657	   56.0280
   4.358	   87.2892	   56.0396
   4.360	   87.3270	   56.0204
   4.362	   87.3176	   56.0299
   4.364	   87.2741	   56.0712
   4.366	   87.2527	   56.1262
   4.368	   87.2251	   56.1467
   4.370	   87.2554	   56.1025
   4.372	   87.2402	   56.0812
   4.374	   87.2141	   56.0831
   4.376	   87.2138	   56.0964
   4.378	   87.2435	   56.0681
   4.380	   87.2564	   56.0485
   4.382	   87.2636	   56.0545
   4.384	   87.2488	   56.1118
   4.386	   87.2336	   56.1264
   4.388	   87.2242	   56.1677
   4.390	   87.2169	   56.1800
   4.392	   87.2032	   56.1819
   4.394	   87.1879	   56.1985
   4.396	   87.1786	   56.2113
   4.398	   87.1966	   56.1936
   4.400	   87.2052	   56.1698
   4.402	   87.1989	   56.1560
   4.404	   87.1972	   56.1752
   4.406	   87.1961	   56.1830
   4.408	   87.2378	   56.1794
   4.410	   87.2553	   56.1977
   4.412	   87.2165	   56.2114
   4.414	   87.1702	   56.2547
   4.416	   87.1686	   56.2778
   4.418	   87.1603	   56.2591
   4.420	   87.1646	   56.2608
   4.422	   87.1375	   56.2493
   4.424	   87.1209	   56.2772
   4.426	   87.1287	   56.2690
   4.428	   87.1539	   56.2440
   4.430	   87.1837	   56.2389
   4.432	   87.1812	   56.2587
   4.434	   87.1610	   56.2868
   4.436	   87.1368	   56.2925
   4.438	   87.1207	   56.3117
   4.440	   87.1301	   56.3013
   4.442	   87.1129	   56.3012
   4.444	   87.0655	   56.3231
   4.446	   87.0730	   56.3083
   4.448	   87.1210	   56.2630
   4.450	   87.1437	   56.2603
   4.452	   87.1303	   56.2731
   4.454	   87.1280	   56.3136
   4.456	   87.1219	   56.3398
   4.458	   87.1335	   56.3232
   4.460	   87.1169	   56.3534
   4.462	   87.0847	   56.4041
   4.464	   87.0470	   56.4307
   4.466	   87.0339	   56.4167
   4.468	   87.0671	   56.3820
   4.470	   87.0845	   56.3600
   4.472	   87.0919	   56.3479
   4.474	   87.0751	   56.3584
   4.476	   87.1102	   56.3869
   4.478	   87.1237	   56.3720
   4.480	   87.1045	   56.3955
   4.482	   87.0816	   56.4363
   4.484	   87.0436	   56.4666
   4.486	   87.0488	   56.4831
   4.488	   87.0738	   56.4524
   4.490	   87.0299	   56.4604
   4.492	   87.0195	   56.4753
   4.494	   87.0320	   56.4798
   4.496	   87.0460	   56.4663
   4.498	   87.0879	   56.4230
   4.500	   87.0726	   56.4499
   4.502	   87.0651	   56.4682
   4.504	   87.0620	   56.4812
   4.506	   87.0633	   56.4936
   4.508	   87.0307	   56.4971
   4.510	   87.0117	   56.5304
   4.512	   87.0138	   56.5530
   4.514	   86.9910	   56.5625
   4.516	   86.9879	   56.5241
   4.518	   86.9992	   56.5291
   4.520	   86.9996	   56.5325
   4.522	   86.9973	   56.5389
   4.524	   87.0184	   56.5191
   4.526	   87.0543	   56.5029
   4.528	   87.0588	   56.5102
   4.530	   87.0130	   56.5508
   4.532	   86.9882	   56.6079
   4.534	   86.9821	   56.6284
   4.536	   86.9900	   56.6217
   4.538	   86.9819	   56.6181
   4.540	   86.9427	   56.6274
   4.542	   86.9271	   56.6272
   4.544	   86.9619	   56.6277
   4.546	   86.9847	   56.5763
   4.548	   86.9878	   56.5801
   4.550	   86.9959	   56.5953
   4.552	   86.9913	   56.6309
   4.554	   86.9953	   56.6315
   4.556	   86.9804	   56.6559
   4.558	   86.9532	   56.6952
   4.560	   86.9518	   56.7214
   4.562	   86.9345	   56.7494
   4.564	   86.9468	   56.7129
   4.566	   86.9423	   56.6864
   4.568	   86.9183	   56.7114
   4.570	   86.9111	   56.7181
   4.572	   86.9124	   56.7034
   4.574	   86.9639	   56.6738
   4.576	   86.9884	   56.6660
   4.578	   86.9643	   56.6811
   4.580	   86.9194	   56.7369
   4.582	   86.9043	   56.7542
   4.584	   86.9176	   56.7620
   4.586	   86.9235	   56.7927
   4.588	   86.9061	   56.7976
   4.590	   86.8634	   56.7914
   4.592	   86.8629	   56.7875
   4.594	   86.8717	   56.7882
   4.596	   86.8932	   56.7561
   4.598	   86.8829	   56.7558
   4.600	   86.8887	   56.7716
   4.602	   86.9214	   56.7733
   4.604	   86.9340	   56.7649
   4.606	   86.9107	   56.7866
   4.608	   86.8867	   56.8414
   4.610	   86.8558	   56.8797
   4.612	   86.8696	   56.8814
   4.614	   86.8836	   56.8608
   4.616	   86.8543	   56.8642
   4.618	   86.8360	   56.9012
   4.620	   86.8482	   56.8906
   4.622	   86.8644	   56.8665
   4.624	   86.8829	   56.8447
   4.626	   86.8703	   56.8308
   4.628	   86.8714	   56.8681
   4.630	   86.8527	   56.9017
   4.632	   86.8585	   56.9296
   4.634	   86.8552	   56.9506
   4.636	   86.8551	   56.9621
   4.638	   86.8409	   56.9797
   4.640	   86.8244	   56.9573
   4.642	   86.8191	   56.9550
   4.644	   86.8437	   56.9478
   4.646	   86.8431	   56.9396
   4.648	   86.8454	   56.9526
   4.650	   86.8457	   56.9602
   4.652	   86.8310	   56.9489
   4.654	   86.8445	   56.9657
   4.656	   86.8194	   57.0229
   4.658	   86.8043	   57.0734
   4.660	   86.8006	   57.0408
   4.662	   86.8089	   57.0258
   4.664	   86.7853	   57.0308
   4.666	   86.7761	   57.0570
   4.668	   86.7863	   57.0487
   4.670	   86.8032	   57.0288
   4.672	   86.8225	   56.9935
   4.674	   86.8115	   56.9988
   4.676	   86.7850	   57.0541
   4.678	   86.7726	   57.1123
   4.680	   86.7771	   57.1148
   4.682	   86.7776	   57.1231
   4.684	   86.7906	   57.1181
   4.686	   86.7577	   57.1377
   4.688	   86.7331	   57.1455
   4.690	   86.7458	   57.1331
   4.692	   86.7634	   57.0880
   4.694	   86.7780	   57.0770
   4.696	   86.7723	   57.1088
   4.698	   86.7771	   57.1248
   4.700	   86.7773	   57.1168
   4.702	   86.7783	   57.1203
   4.704	   86.7499	   57.1630
   4.706	   86.7322	   57.2115
   4.708	   86.7312	   57.2191
   4.710	   86.7319	   57.2096
   4.712	   86.7195	   57.1921
   4.714	   86.7133	   57.2176
   4.716	   86.7091	   57.2210
   4.718	   86.7137	   57.1956
   4.720	   86.7436	   57.1707
   4.722	   86.7569	   57.1675
   4.724	   86.7363	   57.2055
   4.726	   86.7074	   57.2317
   4.728	   86.7032	   57.2537
   4.730	   86.7004	   57.2661
   4.732	   86.7088	   57.2455
   4.734	   86.6814	   57.2911
   4.736	   86.6579	   57.2921
   4.738	   86.6597	   57.2958
   4.740	   86.7057	   57.2394
   4.742	   86.7208	   57.2182
   4.744	   86.6924	   57.2482
   4.746	   86.6893	   57.2578
   4.748	   86.6842	   57.2597
   4.750	   86.6767	   57.2492
   4.752	   86.6771	   57.2885
   4.754	   86.6490	   57.3362
   4.756	   86.6045	   57.3852
   4.758	   86.6480	   57.3613
   4.760	   86.6440	   57.3230
   4.762	   86.6383	   57.3279
   4.764	   86.6344	   57.3712
   4.766	   86.6229	   57.3586
   4.768	   86.6443	   57.3291
   4.770	   86.6708	   57.3114
   4.772	   86.6750	   57.3104
   4.774	   86.6516	   57.3392
   4.776	   86.6476	   57.3607
   4.778	   86.6345	   57.3665
   4.780	   86.6507	   57.3775
   4.782	   86.6366	   57.4221
   4.784	   86.5787	   57.4328
   4.786	   86.5663	   57.4125
   4.788	   86.5893	   57.3906
   4.790	   86.6140	   57.3712
   4.792	   86.6223	   57.3751
   4.794	   86.5934	   57.3915
   4.796	   86.6164	   57.3979
   4.798	   86.6305	   57.3866
   4.800	   86.6240	   57.4210
   4.802	   86.6197	   57.4421
   4.804	   86.5768	   57.5149
   4.806	   86.6002	   57.4967
   4.808	   86.6022	   57.4642
   4.810	   86.5818	   57.4718
   4.812	   86.5742	   57.5055
   4.814	   86.5760	   57.4863
   4.816	   86.5952	   57.4563
   4.818	   86.6188	   57.4472
   4.820	   86.6075	   57.4427
   4.822	   86.5886	   57.4801
   4.824	   86.5629	   57.5087
   4.826	   86.5628	   57.5283
   4.828	   86.5735	   57.5239
   4.830	   86.5603	   57.5297
   4.832	   86.5312	   57.5465
   4.834	   86.5232	   57.5791
   4.836	   86.5456	   57.5505
   4.838	   86.5655	   57.5019
   4.840	   86.5777	   57.4978
   4.842	   86.5764	   57.5327
   4.844	   86.5608	   57.5657
   4.846	   86.5592	   57.5727
   4.848	   86.5681	   57.5794
   4.850	   86.5488	   57.6194
   4.852	   86.5351	   57.6079
   4.854	   86.5020	   57.6270
   4.856	   86.5058	   57.6104
   4.858	   86.5433	   57.6133
   4.860	   86.5342	   57.6002
   4.862	   86.5123	   57.5938
   4.864	   86.5377	   57.5955
   4.866	   86.5592	   57.5822
   4.868	   86.5602	   57.6090
   4.870	   86.5236	   57.6541
   4.872	   86.4810	   57.6955
   4.874	   86.4895	   57.7199
   4.876	   86.5083	   57.6842
   4.878	   86.4750	   57.6708
   4.880	   86.4626	   57.7127
   4.882	   86.4637	   57.7361
   4.884	   86.4674	   57.6934
   4.886	   86.5124	   57.6541
   4.888	   86.5326	   57.6467
   4.890	   86.5148	   57.6940
   4.892	   86.5041	   57.7336
   4.894	   86.4986	   57.7481
   4.896	   86.4819	   57.7461
   4.898	   86.4854	   57.7781
   4.900	   86.4648	   57.7806
   4.902	   86.4508	   57.7881
   4.904	   86.4459	   57.7636
   4.906	   86.4774	   57.7613
   4.908	   86.4539	   57.7622
   4.910	   86.4530	   57.7492
   4.912	   86.4424	   57.7579
   4.914	   86.5095	   57.7493
   4.916	   86.5048	   57.7596
   4.918	   86.4783	   57.8075
   4.920	   86.4521	   57.8571
   4.922	   86.4521	   57.8637
   4.924	   86.4815	   57.8438
   4.926	   86.4760	   57.8236
   4.928	   86.4271	   57.8496
   4.930	   86.4086	   57.8814
   4.932	   86.4212	   57.8599
   4.934	   86.4457	   57.8078
   4.936	   86.4593	   57.7958
   4.938	   86.4661	   57.8404
   4.940	   86.4735	   57.8752
   4.942	   86.4769	   57.8873
   4.944	   86.4900	   57.8879
   4.946	   86.4828	   57.9016
   4.948	   86.4634	   57.9560
   4.950	   86.4460	   57.9730
   4.952	   86.4270	   57.9502
   4.954	   86.4411	   57.9292
   4.956	   86.4328	   57.9263
   4.958	   86.4284	   57.9232
   4.960	   86.4190	   57.9174
   4.962	   86.4539	   57.9163
   4.964	   86.4750	   57.9215
   4.966	   86.4730	   57.9488
   4.968	   86.4435	   57.9805
   4.970	   86.4183	   58.0298
   4.972	   86.4374	   58.0233
   4.974	   86.4447	   58.0354
   4.976	   86.4108	   58.0285
   4.978	   86.3648	   58.0179
   4.980	   86.3711	   58.0375
   4.982	   86.4193	   58.0048
   4.984	   86.4360	   57.9802
   4.986	   86.4538	   57.9979
   4.988	   86.3900	   58.0056
   4.990	   86.4109	   58.0083
   4.992	   86.4207	   58.0104
   4.994	   86.4215	   58.0417
   4.996	   86.3901	   58.1024
   4.998	   86.3571	   58.1356
   5.000	   86.3767	   58.1192
   5.002	   86.4158	   58.0722
   5.004	   86.4166	   58.0796
   5.006	   86.3883	   58.1199
   5.008	   86.3797	   58.1520
   5.010	   86.4063	   58.1153
   5.012	   86.4364	   58.0781
   5.014	   86.4134	   58.0598
   5.016	   86.3766	   58.0851
   5.018	   86.3492	   58.1290
   5.020	   86.3609	   58.1408
   5.022	   86.3999	   58.1455
   5.024	   86.3820	   58.1880
   5.026	   86.3774	   58.2026
   5.028	   86.3857	   58.2015
   5.030	   86.4038	   58.1909
   5.032	   86.3992	   58.1732
   5.034	   86.3554	   58.1963
   5.036	   86.3354	   58.2325
   5.038	   86.3374	   58.2086
   5.040	   86.3559	   58.1740
   5.042	   86.4070	   58.1885
   5.044	   86.4043	   58.2115
   5.046	   86.3688	   58.2418
   5.048	   86.3485	   58.2771
   5.050	   86.3851	   58.2837
   5.052	   86.3699	   58.2711
   5.054	   86.3076	   58.2778
   5.056	   86.2883	   58.2763
   5.058	   86.3076	   58.2851
   5.060	   86.3316	   58.2618
   5.062	   86.3482	   58.2446
   5.064	   86.3671	   58.2494
   5.066	   86.3872	   58.2799
   5.068	   86.3826	   58.3017
   5.070	   86.3795	   58.3072
   5.072	   86.3754	   58.3553
   5.074	   86.3507	   58.3513
   5.076	   86.3156	   58.3651
   5.078	   86.3053	   58.3457
   5.080	   86.2989	   58.3171
   5.082	   86.2974	   58.3448
   5.084	   86.3030	   58.3329
   5.086	   86.3008	   58.3369
   5.088	   86.3474	   58.3005
   5.090	   86.3843	   58.3206
   5.092	   86.3914	   58.3516
   5.094	   86.3448	   58.4267
   5.096	   86.3323	   58.4343
   5.098	   86.3568	   58.4203
